1 0.02244 -0.04498 0.08463
2 0.00739 -0.00605 0.03998
3 -0.49249 0.21771 -0.26256
4 -0.00583 -0.01102 -0.01446
5 0.88928 0.24799 -0.01162
6 -0.45220 -0.28220 0.14164
7 0.89713 -0.59491 0.25717
8 -0.96810 0.21113 -0.18011
9 0.10736 0.42737 0.14898
10 0.00818 -0.07654 0.22554
11 -0.27157 -0.80509 -0.56081
12 0.07935 0.12450 0.13243
13 0.15484 0.53089 -0.32131
14 0.03780 -0.06898 0.17564
15 -0.64763 0.23189 0.16582
16 0.10376 -0.45329 -0.25763
17 0.93935 0.02685 -0.10446
18 -0.46502 -0.13621 0.26979
19 0.20224 -0.12271 0.10715
20 -0.55111 -0.13866 -0.15415
21 0.13893 0.17253 -0.10115
22 0.00553 0.38347 0.30693
23 0.22110 -0.01822 -0.11597
24 -0.61514 -0.76277 -0.54941
25 0.23759 0.17904 0.09790
26 0.22199 0.46231 0.64665
27 0.05798 0.02494 -0.01791
28 0.06506 -0.21498 -0.70510
29 0.04469 -0.00590 0.11145
30 0.18955 -0.02751 0.36350
31 -0.36957 0.39890 0.07906
32 -0.01697 -0.23030 -0.52543
33 -0.07124 0.16393 0.36428
34 0.18150 -0.02379 0.10556
35 0.12555 0.02480 -0.03076
36 -0.32328 -0.51574 0.09340
37 -0.31662 0.25481 0.05441
38 0.56036 0.82569 -0.37008
39 0.05150 -0.64217 -0.08735
40 0.73272 -0.07683 0.06742
41 -0.06526 -0.05184 -0.30748
42 -0.69961 0.01660 0.50060
43 -0.17120 -0.02978 -0.88606
44 0.10289 -0.09161 0.38445
45 0.11194 0.41822 0.43432
46 -0.11547 -0.28782 -0.27592
47 0.05628 0.16089 -0.53394
48 0.02195 0.32168 0.05662
49 -0.16468 -0.29057 0.49695
50 0.07291 -0.05245 -0.22553
51 -0.10390 -0.03263 -0.01273
52 0.25853 -0.06100 -0.03897
53 0.78715 0.72183 -0.41271
54 -0.95293 -0.46086 0.43904
55 0.69833 -0.58175 0.38945
56 0.11466 0.23110 0.05128
57 -1.28374 0.18449 -0.36914
58 0.70026 0.04338 -0.20436
59 -0.28142 -0.16731 0.02293
60 0.07152 0.07581 0.05282
61 0.15998 0.42616 -0.11021
62 0.08421 -0.17368 -0.26396
63 0.15223 -0.71064 -0.00706
64 -0.03631 0.10819 0.00168
65 -0.41159 0.34859 -0.24449
66 -0.05059 0.01134 0.13903
67 0.18779 -0.10511 0.14828
68 -0.32177 0.19994 0.26218
69 -0.09094 -0.16754 -0.09591
70 0.04519 -0.25610 -0.64134
71 -0.76533 0.93307 0.51403
72 0.65283 -0.16215 -0.19458
73 1.02180 -0.85049 0.26607
74 0.02589 0.41681 -0.13274
75 -0.64846 0.24225 -0.08418
76 -0.00330 -0.34835 0.10551
77 -0.42644 -0.23663 -0.46663
78 0.25120 0.08098 0.06731
79 0.10295 0.52559 0.82893
80 -0.11099 -0.03561 -0.39741
81 -0.25692 -0.34781 -0.23440
82 0.09411 0.06543 0.11989
83 0.65814 0.33833 -0.63099
84 -0.41595 0.03961 0.57887
85 -0.00061 -0.83610 0.38921
86 -0.16599 0.26807 -0.16159
87 -0.30636 0.34315 -0.27426
88 0.00136 -0.00200 0.01536
89 0.62831 0.27988 -0.28444
90 -0.27546 0.06863 0.10375
91 -0.50154 -0.72581 -0.29095
92 0.10057 0.46812 0.17929
93 0.15466 0.37861 0.14742
94 -0.04632 -0.19506 -0.20517
95 0.50648 -0.14750 0.04496
96 -0.18852 0.29593 -0.29852
97 -0.93748 -1.09163 -0.14906
98 0.19458 1.01764 0.06948
99 -0.56360 0.09307 0.39658
100 0.17129 0.40020 -0.14095
101 0.46430 -0.19929 -0.46953
102 0.19928 -0.06058 0.34589
103 -0.36044 0.59035 0.59928
104 -0.01658 0.27763 -0.00269
105 0.33424 -0.10601 -0.63696
106 -0.02608 -0.56631 0.29451
107 -0.05717 0.09393 -0.24029
108 -0.14316 0.34972 0.39466
109 0.41533 -0.43381 -0.11133
110 -0.17112 0.04726 -0.28699
111 0.36489 -0.29077 0.99265
112 -0.03026 0.12010 -0.39656
113 -0.70630 -0.26744 -1.14157
114 -0.20910 0.44251 0.34209
115 0.84452 0.93064 -0.18492
116 -0.13473 -0.78520 0.39691
117 -0.35911 0.03122 0.17632
118 0.20273 0.21068 0.17255
119 0.63015 -0.46535 -0.39304
120 -0.46983 0.11235 0.09550
121 0.01156 0.35032 -0.45827
122 -0.06004 0.11007 0.08934
123 0.56214 -0.50221 0.33569
124 -0.48519 -0.02466 -0.07281
125 -0.33052 0.35141 -0.47896
126 0.03981 -0.28348 0.11767
127 0.04068 0.03247 0.13688
128 -0.21955 0.01977 -0.10867
129 0.15344 -0.18810 -0.44550
130 0.14509 0.18024 0.19130
131 -0.47599 -0.70583 -0.26790
132 0.24483 0.34411 -0.02112
133 0.18474 0.08685 0.95083
134 -0.00137 0.51027 0.11022
135 -0.24147 -0.03117 0.10012
136 0.86814 -0.86374 -1.43082
137 -0.09709 0.34649 0.30925
138 -0.69303 0.18272 0.52773
139 -0.37778 0.42734 -0.34535
140 -0.09034 -0.21293 0.42404
141 0.33642 -0.15892 0.21094
142 0.07720 0.10968 -0.07069
143 -0.05390 -0.06506 -0.30679
144 0.22802 0.09737 0.52683
145 0.19148 0.00036 -0.35661
146 -0.38339 0.26254 -0.51888
147 0.04880 0.01979 0.31833
148 0.68256 -0.74518 0.06139
149 -0.44185 0.48171 -0.15779
150 -0.33646 0.00026 0.48487
151 -0.03890 -0.12945 -0.01519
152 0.66406 -0.19319 0.65396
153 -0.49375 0.18106 -0.41296
154 0.77894 0.12602 -0.12188
155 -0.40505 0.09691 -0.27780
156 -0.42694 -0.27320 -0.30915
157 0.06804 0.10014 0.01377
158 0.16628 0.22248 0.96108
159 0.06467 0.06440 -0.62692
160 -0.38468 -0.23777 0.02712
161 0.04197 -0.28775 -0.04523
162 0.63235 0.18707 -0.00322
163 0.12672 0.66676 -0.24315
164 -0.02145 -0.28755 0.08703
165 -0.33289 0.23663 0.08208
166 -0.08550 -0.21163 0.01194
167 0.19541 -0.35043 -0.51955
168 -0.12119 -0.11748 -0.02057
169 0.01795 0.32194 0.72772
170 0.18854 -0.21669 -0.05354
171 -0.03374 -0.34090 -0.78678
172 -0.17601 0.35497 0.22964
173 0.18929 0.80277 0.18064
174 0.04780 -0.33864 0.11611
175 -0.42656 -1.20286 -0.37627
176 0.01109 0.56223 0.62915
177 -0.04014 -0.26129 -0.76389
178 0.04068 0.35819 0.50613
179 0.67867 -0.45586 0.39360
180 -0.50742 0.18132 -0.15990
181 -0.18437 0.36148 -0.06880
182 0.08669 -0.14563 -0.27128
183 -0.03378 0.24038 -0.02563
184 0.05910 -0.03329 0.21118
185 0.12222 -0.15823 -0.29662
186 -0.01409 0.03587 0.02270
187 -0.56112 -0.56018 0.55114
188 0.05751 0.15794 -0.28606
189 0.84343 0.74428 -0.47433
190 -0.19884 -0.08013 -0.10807
191 0.05601 -0.52706 0.61816
192 -0.15385 -0.04826 0.09682
193 -0.37460 0.71224 0.17179
194 -0.00835 -0.27153 -0.32112
195 0.18259 -0.03589 0.01309
196 0.01837 -0.09036 0.03234
197 -0.12591 -0.54140 0.51552
198 0.03599 0.08701 -0.61966
199 -0.16190 0.44226 -0.11941
200 0.10476 -0.23781 0.05671
201 -0.07055 0.87104 -0.15868
202 -0.14395 -0.28543 -0.01409
203 0.12659 -0.73421 0.32367
204 0.42829 0.94581 0.09158
205 -0.25121 -0.47669 -0.05951
206 -0.11516 -0.57669 0.02310
207 0.06636 0.06410 -0.02287
208 0.14934 0.31672 0.06147
209 0.02174 0.03181 0.08850
210 -0.21126 -0.34811 -0.66709
211 -0.15036 -0.28923 0.44754
212 0.49854 0.67946 -0.12008
213 0.00701 -0.18602 0.17769
214 -0.21233 -0.35983 -0.00675
215 -0.25172 -0.18168 0.52169
216 -0.28847 0.28000 -0.24945
217 0.32637 0.24721 -0.50007
218 0.13392 -0.19100 0.10993
219 -0.21147 0.00987 -0.08395
220 -0.05940 -0.00113 0.00167
221 -0.11621 0.08892 -0.12695
222 0.08332 -0.03682 0.35401
223 0.35947 0.20242 -0.33482
224 -0.17422 -0.05516 0.43370
225 -0.11348 -0.35332 0.37259
226 -0.02986 0.04590 -0.06716
227 -0.29861 0.96002 -0.82025
228 0.19301 -0.25525 0.57286
229 0.35175 -0.31943 -0.45171
230 0.36887 -0.24384 0.29730
231 -0.13116 -0.01751 0.59690
232 0.00163 -0.28542 -0.46320
233 -0.65865 -0.07613 -0.14926
234 -0.03083 0.22200 -0.21075
235 0.73140 -0.32570 0.89026
236 -0.14397 0.46629 -0.35341
237 -0.47386 -0.05361 -0.51365
238 0.17492 0.15475 0.05456
239 0.13811 -0.06092 0.33136
240 0.01543 0.18216 -0.26600
241 0.32334 -0.12226 0.94645
242 -0.38190 0.14111 -0.33229
243 0.26071 -0.65412 -0.36075
244 -0.12545 0.46816 -0.12099
245 0.25519 0.70652 -0.44507
246 -0.07363 -0.13594 0.51916
247 -0.11010 -0.13274 0.43454
248 0.00147 0.15772 -0.43842
249 -0.37898 -0.15537 0.05491
250 -0.20222 -0.20041 -0.23916
251 0.29569 -0.58700 0.71375
252 0.13530 0.47072 -0.62775
253 -0.22480 -0.51938 0.80668
254 0.22544 0.53362 -0.77517
255 -0.17322 -0.14172 -0.45914
256 -0.07033 0.00624 0.13998
257 0.27777 0.14627 -0.11801
258 -0.00097 0.15440 0.33729
259 0.59690 0.58325 0.69374
260 -0.33420 -0.47464 -0.16869
261 -0.46585 -0.18715 -0.15959
262 0.04122 -0.07113 -0.10778
263 1.02748 -0.27730 0.17958
264 -0.45590 -0.01940 -0.40688
265 -0.92720 0.24565 -0.23016
266 0.23556 -0.00688 0.14316
267 0.12831 -0.28209 0.28599
268 -0.00961 -0.06760 -0.07296
269 1.17789 0.05097 -0.17982
270 -0.89668 0.17246 0.02468
271 -0.54546 -0.01819 0.01409
272 0.41315 -0.09054 0.01443
273 -0.11568 0.56599 0.21715
274 0.18308 -0.21665 0.22803
275 -0.33085 -0.53263 -0.86744
276 -0.15876 0.19684 0.40083
277 0.71544 0.07979 0.54603
278 0.02021 -0.18364 -0.38232
279 -0.32173 0.33855 -0.18616
280 -0.03464 -0.17436 0.14255
281 -0.09317 -0.08678 0.03993
282 -0.18608 0.52185 0.17110
283 0.01142 -0.14157 0.02782
284 -0.26041 -0.21154 -0.63784
285 0.32783 0.31492 0.16899
286 0.02208 0.27503 -0.00522
287 0.07064 -0.07194 0.18146
288 -0.12098 -0.42843 0.05544
289 0.05546 0.11132 -0.02566
290 0.81716 0.24974 -0.01929
291 -0.20980 -0.21324 0.07885
292 -0.21262 0.22996 -0.03640
293 0.03808 -0.08445 -0.01676
294 -0.26381 -0.48312 -0.05129
295 0.05948 0.19972 0.04663
296 0.13306 0.31371 -0.17102
297 -0.10749 -0.09370 0.16628
298 -0.09829 0.28107 0.41373
299 0.18096 -0.34906 -0.44893
300 -0.27030 0.63504 0.66020
301 0.18889 -0.46738 -0.26914
302 0.00051 -0.36901 -0.47964
303 0.69721 0.40336 0.34624
304 0.29411 -0.14980 0.54703
305 -0.01272 0.26313 -0.33881
306 -0.97180 -0.53601 1.08449
307 0.01496 0.61701 -0.81978
308 0.93282 0.24084 -0.30450
309 -0.07125 0.01178 0.01449
310 -0.29068 -0.30994 0.59215
311 0.12964 0.07279 -0.51717
312 -0.59806 -0.84693 -0.44947
313 0.04947 0.02513 0.18779
314 1.26471 0.63015 0.56363
315 -0.55576 -0.11022 -0.46454
316 0.03423 -0.04750 -0.11412
317 0.57803 0.33351 -0.29282
318 -0.16055 -0.06881 -0.08359
319 -0.35100 -0.17853 0.40889
320 -0.32578 0.27220 0.12302
321 0.09219 -0.19707 -0.13238
322 0.16128 -0.26905 1.39185
323 0.04962 -0.17040 -0.64163
324 -0.16753 0.13347 0.15987
325 -0.90228 -0.00598 -0.72985
326 -0.26457 -0.13268 0.72083
327 0.58889 -0.18371 -0.03010
328 0.13808 0.47331 0.12340
329 0.11574 -0.12997 -0.20288
330 0.43668 0.04042 0.15288
331 -0.10002 -0.24449 -0.03706
332 -0.91960 0.04247 0.58350
333 -0.35331 0.07611 0.08230
334 0.28870 -0.56318 -0.95919
335 -0.22086 0.26399 0.32260
336 0.74990 0.00913 0.39028
337 -0.37616 0.27506 -0.31262
338 -0.55692 0.48709 -0.59034
339 -0.00129 -0.24070 0.09973
340 0.16318 -0.22744 0.83603
341 0.17545 0.39580 0.07387
342 -0.12605 0.30542 -1.26681
343 0.13211 0.24973 0.51028
344 -0.66988 -0.79146 0.34908
345 0.01272 -0.17490 0.21643
346 0.52416 -0.02920 0.79962
347 0.46327 0.19365 -0.50098
348 0.64704 0.09428 -0.46274
349 -0.80027 -0.31542 0.06626
350 0.61979 0.11811 -0.33233
351 -0.80528 0.98208 -0.69833
352 0.17519 -0.47915 0.69593
353 0.24475 -0.41156 -0.29308
354 -0.19481 0.05696 0.19572
355 0.23909 0.11576 0.41632
356 -1.06437 -0.18833 -0.29786
357 0.40447 0.04962 0.13223
358 0.47262 0.00156 0.12334
359 -0.34901 -0.82777 -0.48653
360 0.18720 0.80021 0.17595
361 -0.26195 -0.52121 0.79549
362 0.16345 0.27809 -0.41638
363 0.72933 0.73594 -0.56606
364 -0.20747 -0.13765 0.65031
365 -0.81126 -0.32411 0.02800
366 0.82645 0.28088 0.32252
367 0.47792 -0.04451 0.59000
368 -0.07084 -0.01831 -0.49451
369 -0.12994 -0.15456 -0.35226
370 -0.11142 0.06712 -0.09682
371 -0.48813 0.21941 0.17386
372 0.11444 0.19696 0.24141
373 0.30592 0.92548 0.38526
374 -0.25294 -0.54257 -0.03763
375 -0.80991 -0.77843 -0.40410
376 0.24425 0.05592 0.47935
377 0.76429 0.37293 -0.52947
378 0.02713 -0.15268 0.07998
379 -1.12529 -0.15335 -0.04605
380 0.49392 0.19254 -0.02997
381 -0.23349 0.05706 0.16656
382 0.10161 1.45336 0.11614
383 0.63883 -0.75090 0.17685
384 0.13204 -1.23439 -0.05833
385 -0.10964 0.48847 -0.34050
386 0.09553 -0.02959 -0.35485
387 -0.00589 -0.03265 0.06949
388 -0.13557 -0.10903 0.54643
389 0.24570 0.18617 -0.23280
390 0.20015 0.21425 0.10241
391 -0.21178 0.14136 0.05537
392 0.26290 -0.18058 -0.18815
393 0.02406 0.19137 -0.44322
394 -0.13579 0.06348 0.26050
395 -0.16659 -0.54192 -0.00501
396 0.12659 0.17384 -0.04477
397 1.08623 0.11565 -0.55225
398 -0.55662 0.28583 0.57783
399 -0.53444 -0.38616 0.38370
400 0.00141 -0.37043 0.73567
401 0.24588 0.52789 -0.92675
402 0.53626 0.58744 0.33459
403 -0.59145 -0.42435 -0.43143
404 0.32712 0.09636 0.22338
405 -0.35152 -0.18511 -0.17298
406 0.20581 0.10572 -0.37509
407 -0.27790 -0.16851 -0.01533
408 -0.95292 0.24101 0.28934
409 0.33188 -0.00617 0.12014
410 1.22009 -0.26521 0.53632
411 -0.10162 0.05290 -0.45219
412 -1.09824 -0.83469 -1.00774
413 0.38389 0.61537 0.67674
414 0.12695 0.69933 -0.86344
415 0.01395 -0.40647 0.70346
416 -0.41829 -0.24441 0.23170
417 0.25740 -0.01185 0.15404
418 -1.03592 -0.06835 0.06647
419 0.60158 -0.09993 0.16164
420 0.38831 0.66899 -0.58908
421 -0.18698 -0.13593 -0.02734
422 0.78395 -0.06731 0.35320
423 -0.23184 -0.47258 0.24718
424 -0.37233 0.46594 -0.21695
425 -0.00752 -0.17274 -0.09627
426 0.15994 0.00130 -0.09435
427 -0.32050 -0.11288 0.58269
428 0.40872 -0.19651 -0.62454
429 -0.00726 0.40962 0.08442
430 -0.73834 0.47860 -0.12502
431 0.42468 -0.29152 0.05939
432 0.59257 -0.37381 0.42937
433 -0.15737 0.07695 -0.22873
434 -0.85861 -0.22810 0.35552
435 0.65036 0.36787 -0.29644
436 -0.25639 0.15161 -0.63687
437 0.24382 0.08750 0.54775
438 -0.19126 -0.11357 -0.69260
439 0.25762 0.00306 0.68184
440 -0.94518 -0.16995 -0.15356
441 0.68710 0.27401 0.18026
442 -0.13667 -0.12943 -0.28304
443 0.11840 -0.03030 0.11798
444 -0.15788 0.09778 0.07603
445 0.05057 -0.65186 -0.15031
446 0.18032 0.18098 0.16995
447 0.11398 0.70677 0.17376
448 -0.02011 -0.15078 0.01691
449 0.40192 0.45972 -0.77028
450 -0.17098 -0.00245 0.37311
451 0.59056 -0.95297 0.50640
452 -0.46129 0.35540 -0.31621
453 -0.79949 -0.82576 -0.31405
454 -0.05452 0.19803 0.18146
455 1.03493 0.95165 0.37562
456 -0.27621 -0.04452 1.11282
457 -0.23529 -0.56516 -0.86654
458 0.84093 0.75437 -1.08059
459 -0.07025 -0.13658 0.14412
460 -1.14509 -0.62618 0.58184
461 0.36910 0.10745 0.12391
462 -0.83352 -0.19351 -0.08268
463 0.72903 0.09742 -0.18078
464 0.15338 0.59105 -0.37787
465 0.09007 -0.13379 0.29974
466 -0.13729 -0.24808 -0.42421
467 0.06990 0.00748 0.23706
468 -0.42448 -0.27412 -0.12390
469 0.11383 0.28978 0.13553
470 0.43081 -0.35750 0.56513
471 -0.07249 0.27731 -0.41136
472 -0.49850 -0.14107 -0.23256
473 0.63352 -0.17440 0.25550
474 -0.05683 0.23930 -0.26080
475 -0.41915 0.61047 0.73231
476 -0.06962 -0.12135 -0.07505
477 0.16853 -0.55999 -0.70796
478 0.00157 0.04692 0.07873
479 0.31019 0.95963 -0.13054
480 -0.23986 -0.66707 0.28873
481 -0.99841 0.43693 1.00245
482 0.66049 -0.40377 -0.05440
483 0.97326 -0.04437 -1.37792
484 0.25072 -0.16487 0.12609
485 -0.88399 -0.08445 0.57286
486 0.31787 0.39845 -0.38094
487 -0.23859 -0.26964 0.21213
488 -0.22783 -0.19601 -0.01372
489 -0.19483 -0.05668 0.01021
490 0.52443 -0.62643 0.56304
491 -0.21255 0.38860 -0.40164
492 0.66609 0.46867 0.80108
493 -0.22490 -0.34626 -0.31813
494 -0.78471 0.21002 -0.96215
495 0.20243 0.30473 0.63280
496 -0.24117 -0.60389 0.19745
497 0.34631 0.07756 -0.22856
498 0.05682 1.17219 0.34501
499 0.00300 -0.34092 -0.28161
500 -0.50788 -1.04465 -0.45684
501 0.48003 -0.05277 0.55185
502 0.10439 0.24631 -0.24211
503 -0.30150 -0.48592 -0.14545
504 -0.13768 0.28953 -0.06680
505 0.52579 0.22674 -0.03137
506 -0.09467 0.17532 0.01478
507 -0.15662 0.17395 0.20631
508 -0.00478 -0.20718 0.04597
509 0.19858 -0.26708 -0.34124
510 -0.11756 -0.05637 0.03366
511 0.02944 -0.08537 0.60211
512 -0.04478 -0.97325 -0.56714
513 -0.27094 0.86582 0.04583
514 -0.03252 0.54166 0.37137
515 -0.16366 -0.15694 -0.40171
516 -0.16243 -0.67972 -0.20574
517 0.15664 0.19535 0.23945
518 -0.12356 0.66925 -0.25871
519 -0.00690 -0.35958 0.08006
520 0.60715 -0.35070 -0.18057
521 -0.14928 0.12176 0.15102
522 -1.33232 -0.06527 -0.01681
523 0.29387 0.39317 0.36273
524 0.61923 -0.00128 -0.16702
525 -0.61608 -0.17106 -1.36654
526 0.18278 -0.34736 0.72386
527 0.82965 0.63786 0.96320
528 -0.08506 0.23400 -0.31115
529 -0.64066 -0.81856 -0.23087
530 0.18972 -0.10071 0.08694
531 0.01228 0.86866 0.20349
532 0.04902 -0.35912 0.17242
533 0.36342 -0.62672 -0.27200
534 -0.19186 0.12864 0.15475
535 -0.40001 -0.57996 -0.12224
536 0.52072 0.04832 -0.07595
537 -0.12957 0.43715 0.28923
538 -0.04779 -0.11573 -0.08908
539 -0.01225 -0.33609 0.08967
540 0.05927 0.04309 -0.05318
541 0.34808 0.65998 -0.59460
542 -0.13872 0.09697 0.11287
543 -1.17132 -0.46726 0.35139
544 -0.12289 -0.03072 -0.00271
545 1.31475 0.34847 -0.03956
546 -0.62357 -0.00708 -0.54439
547 0.24853 0.33589 0.40476
548 0.19323 -0.40227 -0.00293
549 -0.14657 -0.06928 -0.11541
550 -0.47540 -0.08308 0.84464
551 0.15126 -0.06821 -0.39499
552 0.92358 0.00223 -0.61916
553 0.03195 -0.08738 0.05387
554 -0.05633 0.86950 0.28678
555 -0.08190 -0.35737 -0.07077
556 -0.12075 -0.54120 0.82047
557 -0.02773 0.38104 -0.36098
558 -0.03211 0.20023 -0.14808
559 -0.22989 0.07867 0.11345
560 -0.03762 -0.32200 -0.45878
561 -0.05252 0.01616 0.00029
562 0.72483 -0.32790 0.55673
563 -0.31714 0.45668 -0.40807
564 -0.24729 0.71013 0.30820
565 0.09314 -0.68297 -0.37746
566 -0.40458 -0.35951 0.44687
567 0.03287 -0.16056 -0.14220
568 -0.60686 0.57885 -0.97077
569 0.24705 -0.45327 0.33855
570 0.78268 0.45325 1.04197
571 -0.05921 -0.28585 -0.57778
572 0.22691 0.28414 0.33051
573 -0.02680 -0.04495 -0.05600
574 0.15665 -0.40342 -0.36359
575 -0.28824 0.29959 -0.02936
576 -0.17003 -0.00944 -0.24724
577 -0.03212 -0.16133 0.34043
578 0.17903 0.09993 -0.08225
579 -0.07146 -0.07955 0.45558
580 0.15670 0.05932 -0.23419
581 -0.12613 -0.52950 -0.08659
582 -0.26187 0.52536 -0.09814
583 0.87362 -0.36326 0.19371
584 -0.14712 0.22961 -0.12061
585 -0.59510 0.42441 -1.00405
586 -0.14128 -0.42980 0.85300
587 0.33959 0.03751 0.16331
588 -0.02743 0.07644 0.09787
589 -0.26990 -0.21201 -0.35292
590 0.06276 0.05458 0.08657
591 -0.00473 0.21521 0.15692
592 0.00540 0.01715 -0.01790
593 0.06444 -0.33474 -0.09886
594 0.09124 0.24726 0.17128
595 -0.64714 -1.00714 0.00003
596 0.44105 0.69905 0.30909
597 0.01179 0.07843 -0.25365
598 0.19576 -0.14353 -0.11693
599 -0.17674 0.09064 -0.27117
600 0.99579 0.70108 -0.10122
601 -0.69420 -0.10039 -0.02510
602 0.43630 -0.13548 0.14549
603 -0.61776 0.00540 -0.10425
604 -0.31996 -0.59125 -0.04057
605 0.19891 0.22833 0.24384
606 0.45737 -0.13568 0.01272
607 -0.12308 0.06266 -0.01108
608 0.29415 0.35324 -1.67365
609 -0.57745 0.09831 0.59646
610 0.20928 -0.44701 0.96185
611 0.58089 -0.29130 0.40838
612 -0.57482 0.76657 0.75457
613 -0.09213 -0.62717 -1.27915
614 0.23586 0.01569 -0.31954
615 -0.35218 0.16374 0.28551
616 0.28810 0.21515 -0.24161
617 -0.23842 0.09556 0.15919
618 0.42911 -0.41069 0.43502
619 -0.07456 -0.02103 0.00704
620 -0.51847 0.00596 -0.69783
621 0.17346 -0.00541 0.18673
622 -0.11785 0.28173 -0.02776
623 0.04686 0.02540 0.12583
624 0.25645 0.13164 -0.18985
625 0.00947 -0.68644 0.51748
626 0.05698 0.10888 -0.06568
627 -0.35093 0.54269 -0.44486
628 0.28327 -0.01181 -0.04868
629 -0.25262 -0.60542 0.04817
630 0.12757 0.03274 0.06073
631 -0.39432 0.22667 0.31668
632 0.31262 0.06331 -0.20589
633 0.61539 0.36557 -0.45052
634 -0.14364 -0.29915 0.00806
635 -0.81705 0.02173 0.22237
636 0.48126 -0.10976 0.05447
637 -0.12754 0.19964 0.08357
638 0.03332 -0.04719 -0.00372
639 0.68327 0.27639 -0.30719
640 -0.31795 -0.37524 0.36349
641 0.04838 -0.01707 0.10071
642 -0.10347 -0.18714 0.10364
643 -0.14110 0.16722 -0.34374
644 0.31776 0.69004 0.40476
645 -0.09762 -0.31254 -0.20174
646 0.00811 -0.81898 -0.79568
647 0.01902 0.32149 0.17972
648 -0.38100 0.07514 0.58842
649 0.57309 0.49899 -0.45523
650 -0.00933 -0.26865 -0.04705
651 -0.31505 -0.22769 0.36922
652 0.15468 0.89131 0.35660
653 0.00690 -0.53191 -0.07830
654 0.26213 -0.76569 -0.19805
655 -0.08623 0.28251 0.01594
656 -0.43435 0.26369 0.29856
657 0.09708 -0.03121 0.00508
658 0.00968 0.16455 -0.09132
659 0.25494 -0.42433 -0.68605
660 -0.08304 0.51881 0.12330
661 -0.04156 -0.69173 -0.26697
662 0.00869 0.32586 0.05952
663 -0.09731 0.04573 0.56810
664 -0.01959 0.01599 -0.04253
665 -0.02185 0.48055 0.13317
666 0.26967 -0.25292 -0.06681
667 -0.95722 -0.23051 -0.30767
668 0.33355 -0.11510 -0.02706
669 0.44964 0.20136 0.17788
670 -0.28883 0.55777 0.26843
671 0.18670 -0.30493 -0.25930
672 0.40953 -0.61542 -0.36693
673 -0.24942 0.34200 0.16828
674 0.09511 -0.14831 0.45960
675 0.00921 -0.05216 -0.17787
676 -0.21194 0.22722 -0.09215
677 0.16930 -0.04508 0.25565
678 0.15093 0.22176 -0.26769
679 -0.30898 -0.09273 0.19059
680 0.20372 -0.20923 -0.10809
681 -0.04020 0.08520 0.05281
682 -0.20874 0.05275 0.19257
683 0.11739 -0.07617 -0.09688
684 0.22928 0.21841 0.06692
685 -0.02714 -0.04757 -0.01315
686 -1.03029 -0.16587 -0.42842
687 0.09415 0.18674 -0.04204
688 0.77004 -0.15339 0.91383
689 -0.60389 0.19474 0.35876
690 0.10393 -0.04650 -0.01709
691 0.41057 -0.18147 -0.31083
692 0.14641 0.23065 -1.32712
693 -0.08454 0.41892 0.41113
694 -0.26594 -0.69244 0.84850
695 -0.01156 0.13814 0.11388
696 1.00531 -0.20673 -0.57563
697 -0.45046 -0.14625 0.04661
698 -0.31732 1.08109 1.11667
699 0.14096 -0.55433 -0.49809
700 -0.50334 -0.20680 -1.07744
701 -0.10695 0.26181 0.13116
702 0.43683 -0.47444 0.64274
703 -0.21361 0.34642 -0.75673
704 0.09965 -0.04823 0.23890
705 -0.14479 -0.06290 0.27114
706 0.06479 0.01153 0.06812
707 0.75501 -0.79285 -0.26898
708 -0.44933 0.49647 -0.09701
709 -0.46379 0.61663 0.62656
710 -0.07246 -0.21047 -0.19344
711 0.11379 -0.68918 -0.81525
712 0.26136 0.30762 0.39994
713 0.37746 0.57921 0.19464
714 0.01405 -0.06699 0.02931
715 -1.00047 -0.80218 -0.55316
716 0.28817 0.29013 0.27351
717 0.97533 0.70844 0.74106
718 -0.35468 -0.29127 -0.34691
719 -0.88387 0.15609 -0.43546
720 0.14672 0.05641 -0.03594
721 -0.19369 -0.13394 -0.00971
722 -0.26398 -1.30366 0.41030
723 0.34376 0.23175 0.09335
724 0.98425 1.25338 -0.25593
725 -0.63562 -0.29838 -0.10465
726 -0.23116 0.13341 0.48947
727 -0.01778 -0.22349 -0.02166
728 0.63057 -0.13505 -0.22973
729 -0.58397 0.15282 -0.20812
730 0.82969 -0.51774 0.83225
731 -0.72616 0.38670 -0.78888
732 -0.01895 0.10058 0.26928
733 0.16183 0.01087 -0.02339
734 -0.34085 0.63049 -0.77562
735 0.05406 -0.50900 0.41744
736 -0.24438 -0.18398 -0.00063
737 -0.06221 -0.29270 0.30234
738 0.33478 0.98033 0.12521
739 0.14936 -0.16065 0.06860
740 0.42545 -0.72049 -0.95355
741 -0.42239 -0.24830 0.47092
742 -0.02095 0.66733 0.31229
743 0.08244 -0.18439 0.03292
744 0.30717 -0.01402 0.03277
745 -0.03892 0.03353 -0.04389
746 -0.34285 -0.69130 0.11776
747 0.06980 0.25954 -0.00141
748 -0.41268 0.35766 -0.22206
749 0.11073 0.09575 0.03160
750 0.05127 0.11389 0.39001
751 0.00371 0.02920 0.01211
752 0.21290 -0.52342 -0.85833
753 0.13978 0.36755 0.19975
754 -0.10339 0.20120 0.71549
755 -0.12955 -0.20573 -0.25325
756 -0.20139 0.00468 -0.07130
757 0.12962 0.01273 -0.05347
758 -0.09342 -0.01988 0.09580
759 -0.02128 0.00903 -0.03847
760 0.62184 0.19583 0.51273
761 -0.40537 -0.03606 -0.34139
762 -0.28085 -0.07498 -0.58122
763 0.36545 -0.05619 0.25240
764 -0.22675 -0.39959 0.26721
765 0.02775 0.09831 0.03973
766 -0.38215 1.10966 -0.43125
767 0.21566 -0.58951 0.25640
768 -0.41375 -0.09113 0.25687
769 0.18763 0.59181 0.12525
770 0.52115 -0.78613 0.07287
771 -0.14407 -0.33174 -1.02697
772 0.03315 0.28371 0.24551
773 -0.07372 -0.04341 0.25037
774 0.02952 0.04983 0.00262
775 0.04785 -0.20748 0.23108
776 -0.17034 0.08827 -0.02241
777 0.45647 0.30638 0.18890
778 -0.04341 0.01181 0.01061
779 -0.07644 -0.10363 -0.64366
780 -0.09930 -0.04645 0.33531
781 -0.11915 0.10390 -0.05092
782 0.02112 -0.04468 0.04238
783 0.57401 0.59905 0.81779
784 -0.02522 -0.49319 -0.56535
785 -0.94815 -0.62530 -0.47031
786 0.04817 0.49064 0.39341
787 0.75585 0.01122 0.11915
788 -0.08411 0.01032 -0.20994
789 -0.86743 -0.34122 -0.21039
790 0.50628 0.19463 0.22489
791 0.68612 0.36327 -0.37334
792 -0.32511 -0.14293 0.09653
793 -0.20146 -0.72201 -0.05145
794 -0.05817 0.11170 -0.01808
795 0.07554 0.11755 -0.06250
796 0.51123 0.78849 0.30347
797 -0.24537 -0.24865 -0.04387
798 -0.17846 0.45986 0.44946
799 -0.23947 -0.23581 -0.11046
800 0.14450 -0.33352 -0.33712
801 -0.02657 0.03679 -0.02407
802 0.95672 0.87450 0.57715
803 -0.66683 -0.63637 -0.07392
804 -0.15240 0.00497 -0.20238
805 -0.14904 -0.18548 0.04933
806 0.12446 -0.27695 -0.37866
807 -0.95080 0.13975 0.72652
808 0.75244 -0.42014 -0.44402
809 0.16727 0.31565 -0.29882
810 0.57712 0.41067 -0.22626
811 -0.19158 0.14489 0.12990
812 -0.99762 0.32211 0.57794
813 -0.03016 -0.17279 -0.07110
814 0.49022 -0.36370 -0.93494
815 0.18706 -0.01929 0.19365
816 0.06475 -0.32266 0.40068
817 0.00171 0.03009 -0.20814
818 -0.35367 0.37623 0.69996
819 -0.00562 -0.22587 0.05188
820 -0.23319 0.10565 -0.53312
821 0.03675 -0.14943 0.00405
822 0.51081 0.03869 -0.06491
823 -0.01470 -0.01143 0.02482
824 0.16543 -0.36219 0.28233
825 -0.25875 0.22146 -0.12969
826 0.34081 -0.12075 -0.14534
827 -0.00552 -0.03954 0.11351
828 -0.55273 0.09073 -0.20534
829 0.22121 -0.00169 0.10566
830 -0.07557 0.47871 0.36178
831 0.07613 -0.42331 -0.19555
832 -0.03312 -0.36576 0.48603
833 0.10948 -0.02274 -0.30094
834 -0.00611 0.47631 -0.23143
835 0.20455 -0.15830 -0.01093
836 0.02577 0.87674 -0.64651
837 0.01729 -0.26652 0.35222
838 -0.42114 -0.25745 0.63500
839 0.48003 0.08880 0.41007
840 -0.39252 -0.12916 -0.41843
841 0.09037 0.11055 -0.85024
842 -0.12349 -0.00335 0.08282
843 -0.01442 -0.00554 1.06902
844 -0.01241 -0.25038 -0.43285
845 -0.33490 0.04076 -0.35458
846 0.00536 -0.02161 -0.08930
847 -0.01125 -0.60125 -0.39092
848 0.24940 0.30082 0.12160
849 -0.39132 0.52989 0.40366
850 -0.12826 -0.30075 0.00957
851 0.54219 -0.48664 -0.00321
852 0.05794 0.15250 -0.03757
853 -0.17596 0.29185 -0.66162
854 0.23533 0.03518 0.19385
855 -0.26197 -0.61503 0.07839
856 -0.11496 -0.30102 -1.11635
857 0.35509 0.69189 0.82523
858 0.34198 0.42197 0.47415
859 -0.07339 -0.09374 -0.06616
860 -0.44924 -0.22259 0.10456
861 0.13184 0.02601 -0.20192
862 -0.00723 -0.27523 -0.34080
863 0.08618 0.30314 0.01979
864 0.05435 0.18699 -0.27536
865 0.17574 -0.24579 0.17767
866 0.45935 -0.53299 0.77159
867 -0.50172 0.15176 -0.17420
868 0.07458 0.21822 -0.80381
869 -0.12494 -0.17091 -0.03168
870 0.40853 -0.05594 0.67077
871 -0.37769 0.18641 -0.13042
872 -0.39488 0.38870 0.45066
873 0.35581 -0.24713 -0.15412
874 0.03016 -0.11075 -0.48639
875 0.04735 0.05972 -0.04267
876 -0.50932 0.61029 0.20959
877 0.23162 -0.38088 0.07918
878 0.03930 -0.64087 0.20624
879 0.05491 -0.03215 0.04037
880 -0.53003 0.29787 -0.97963
881 0.73717 0.35738 0.62034
882 -0.33110 -0.41405 -0.48506
883 0.44057 0.49360 0.55533
884 -0.65168 -0.83374 -0.53580
885 0.28059 0.43312 0.01835
886 0.18551 0.61479 1.03447
887 0.01689 -0.47526 -0.40048
888 -0.13707 0.40827 0.20280
889 0.07103 -0.73720 -0.38085
890 0.93370 0.22101 -0.00748
891 -0.80493 -0.00514 0.16225
892 -0.50403 -0.65345 -0.10910
893 0.27533 0.63017 0.05943
894 0.66358 0.22640 -0.52049
895 -0.08222 0.13194 0.04185
896 -0.44741 -0.35905 0.66318
897 0.45301 0.08577 0.00406
898 0.80750 0.42483 -0.24036
899 -0.31921 -0.29427 0.16657
900 -0.34224 -0.05663 0.08300
901 0.08592 -0.02794 -0.00475
902 0.02755 -0.24030 -0.59200
903 0.06266 0.13329 0.43859
904 -0.74028 0.80565 0.22168
905 0.11346 -0.05953 -0.02174
906 0.78602 -0.23738 -0.24871
907 -0.16770 -0.18376 0.19603
908 -0.65598 -1.26430 -0.45079
909 -0.06411 0.78213 0.13130
910 0.99225 0.78770 0.76040
911 -0.13699 -0.10387 -0.69052
912 -0.47864 -0.91551 0.81035
913 0.94873 -0.25772 1.30899
914 -0.28673 0.83609 -1.54912
915 -0.66175 -0.07756 -0.93698
916 0.02133 0.12789 0.33652
917 0.33623 -0.08814 0.86239
918 -0.20854 0.15053 -0.06258
919 0.21580 0.11428 -0.51270
920 -0.31302 0.24386 0.31666
921 0.04936 -0.27675 -0.17212
922 0.21913 -0.19216 -0.41089
923 0.24855 -0.37444 -0.01252
924 -0.09045 0.69368 0.49382
925 -0.51178 -0.17185 -0.13694
926 0.03313 0.02739 -0.20995
927 0.48287 0.15014 0.90045
928 -0.34671 -0.14138 -0.33970
929 0.52707 -0.59607 -0.19406
930 -0.74209 1.08144 -0.45054
931 0.02558 -0.21926 0.06044
932 0.21990 -0.35658 0.19883
933 -0.09237 -0.09151 -0.04179
934 0.36090 0.26280 -0.28704
935 -0.27005 -0.06619 0.06113
936 0.11931 0.23928 0.28122
937 -0.09145 -0.33052 -0.18643
938 -0.04976 -0.04332 -0.69610
939 0.03457 0.20083 0.47604
940 0.63704 -0.92463 0.41823
941 -0.06213 0.05710 0.08809
942 -0.39947 0.35846 0.42105
943 -0.99228 0.98755 -0.70739
944 0.15090 -0.19604 0.09065
945 0.33236 0.66810 1.48028
946 0.17092 -1.00057 -0.86909
947 -0.00792 0.28839 -0.17497
948 -0.10729 -0.04810 0.00307
949 -0.06988 0.46440 0.43052
950 0.07507 -0.03736 -0.19288
951 -0.18867 -0.86141 -0.26288
952 -0.01726 0.09468 0.28756
953 -0.02873 0.37298 -0.55204
954 0.00320 0.04034 0.03620
955 -0.04456 -0.10782 -0.08647
956 0.39568 -0.42008 0.18837
957 -0.12345 0.08937 -0.01499
958 -0.25335 0.38285 0.58711
959 0.24448 -0.10615 -0.30357
960 0.25560 0.22163 0.40502
961 -0.14480 -0.41762 -0.43019
962 -0.47147 -0.04466 -0.03413
963 0.18081 0.06431 -0.03966
964 0.47949 0.17631 -0.28911
965 -0.18766 -0.05862 0.10915
966 -0.09861 -0.13014 0.14309
967 0.02430 0.01320 0.03570
968 -0.81926 -0.06976 0.05728
969 0.48867 -0.01260 -0.00246
970 1.09114 -0.09971 -0.30602
971 -0.45261 0.03781 0.09203
972 -0.35579 0.55079 -0.05909
973 0.11422 -0.09921 0.03083
974 -1.16637 -0.29049 0.38675
975 0.45910 0.20929 -0.11235
976 1.46990 -0.07435 -0.59633
977 -0.73430 -0.59081 0.22543
978 -0.15672 0.67364 0.20958
979 0.04371 -0.02599 -0.06667
980 -1.12132 -1.41540 -0.73978
981 0.90404 0.88248 0.61677
982 1.14510 -0.06787 0.74564
983 -0.07569 0.07872 -0.08828
984 -0.77994 0.65264 -0.52994
985 -0.66651 -0.32049 0.03804
986 0.59566 0.12239 0.01839
987 -0.00532 -0.01740 0.06676
988 -0.21990 -0.17745 0.02615
989 0.07574 0.00282 -0.23080
990 0.31767 0.06595 0.81061
991 0.02750 -0.04966 -0.70598
992 -0.29791 -0.21428 -0.10137
993 0.09838 0.01615 0.00846
994 0.11648 0.24213 -0.46564
995 0.47357 0.43794 -0.46077
996 -0.22451 -0.01830 0.41079
997 -0.28209 0.17855 0.31641
998 0.00035 -0.00297 0.05651
999 0.30915 -0.59415 -0.35122
1000 -0.02249 0.01539 -0.00343
1001 -0.40866 0.61988 0.47791
1002 0.16628 0.00854 -0.24291
1003 1.34390 -1.20454 0.85962
1004 -0.71795 0.66046 -0.27514
1005 -0.14023 0.50112 -0.59132
1006 0.10261 -0.06601 -0.07117
1007 -0.22484 -0.34595 -0.15286
1008 0.00946 0.02567 0.07249
1009 -0.74866 0.20492 -1.02086
1010 0.57768 0.18938 0.49748
1011 -0.08524 -0.48019 0.46968
1012 0.10605 -0.03599 0.03093
1013 0.22364 0.35160 -0.06534
1014 -0.05705 -0.20183 0.10011
1015 -0.71643 -0.23517 0.50370
1016 0.27226 0.22921 -0.18320
1017 0.33348 -0.43606 0.01014
1018 0.01523 0.21585 -0.35964
1019 -0.38064 0.20807 0.25471
1020 0.32197 -0.41338 0.00002
1021 0.28787 0.18528 -0.52045
1022 -0.11295 0.26103 -0.04234
1023 -0.85171 0.27972 0.65626
1024 0.51685 -0.36917 -0.23925
1025 0.14038 0.04613 0.05427
1026 -0.03053 0.00229 -0.01209
1027 0.07223 0.02096 -0.01061
1028 -0.05289 0.12636 -0.09873
1029 -0.06530 -0.06817 0.50013
1030 -0.13427 -0.31283 -0.37492
1031 -0.15599 0.08486 0.11054
1032 0.02795 -0.05389 0.00739
1033 0.40011 0.16436 0.07629
1034 -0.12681 -0.01079 0.11202
1035 0.30530 -0.43432 -0.41552
1036 -0.27113 0.14510 0.11137
1037 0.12612 0.74749 0.01609
1038 -0.07502 -0.20349 0.17677
1039 -0.71379 -0.68257 0.02999
1040 0.38052 0.13468 -0.08760
1041 -0.78702 0.11532 0.25483
1042 1.00701 0.17512 -0.18921
1043 0.18094 -0.58393 -0.22262
1044 -0.28965 0.36269 -0.18025
1045 0.20031 0.60630 0.70092
1046 -0.02442 -0.19435 -0.00683
1047 0.35721 0.40426 -0.90417
1048 -0.36419 -0.72149 0.43763
1049 -0.85055 -0.48034 0.17662
1050 0.29600 0.29880 0.11130
1051 0.88745 0.26326 -0.36377
1052 -0.28287 0.19860 -0.06567
1053 -0.24109 -0.47446 0.37812
1054 -0.01329 0.07486 -0.04175
1055 0.17947 -0.44717 -0.74229
1056 -0.01123 -0.04501 -0.05402
1057 0.01291 0.08230 0.04396
1058 -0.27051 0.41059 0.91734
1059 -0.10083 -0.04739 -0.03564
1060 0.26789 0.10764 -0.03663
1061 0.06925 0.04787 0.08369
1062 -0.06684 -0.08482 -0.32074
1063 -0.04514 0.03024 0.02819
1064 0.26799 0.12921 -0.47013
1065 0.50586 0.50785 0.22772
1066 -0.16883 -0.39868 0.07053
1067 -0.24109 0.64764 -0.85788
1068 -0.13357 -0.54870 0.12850
1069 -0.33680 -0.36130 1.03271
1070 0.08575 0.04242 0.03349
1071 0.84045 0.03252 -0.89396
1072 -0.29793 0.11276 0.26829
1073 0.07963 0.33391 -0.23779
1074 -0.21940 -0.40414 0.09026
1075 -0.10139 -0.18217 0.24034
1076 0.91218 0.45571 -0.33120
1077 -0.65247 0.07532 0.40849
1078 -0.18350 -0.76778 -1.27758
1079 -0.38524 0.07582 0.73091
1080 0.51878 0.68341 0.58243
1081 -0.17781 0.11346 0.04780
1082 -0.02071 -0.81682 0.03189
1083 -0.02147 0.59465 -0.04619
1084 0.03119 -0.48145 0.14642
1085 0.00491 0.03222 -0.15069
1086 0.07060 0.29224 -0.26125
1087 -0.09412 0.09139 -0.05609
1088 -0.52864 0.15196 0.63533
1089 0.39248 -0.35501 1.14450
1090 -0.01397 0.05467 -0.97299
1091 0.02589 0.17705 -0.50572
1092 0.24186 -0.67753 0.08609
1093 -0.26126 0.32592 -0.06592
1094 0.11997 0.55639 0.12970
1095 0.22142 -0.09724 -0.31211
1096 0.05664 -0.49324 0.02822
1097 -0.01244 0.39914 0.22881
1098 -0.99265 0.49962 -0.45402
1099 0.51612 -0.23001 0.04391
1100 -0.15773 0.20876 0.93178
1101 0.31561 -0.19416 -0.13234
1102 0.21777 -0.43986 -0.11205
1103 -0.10488 0.10832 -0.14190
1104 -0.21711 0.04021 0.00736
1105 0.29750 0.21247 -0.46205
1106 -0.29910 0.08544 0.29078
1107 0.44184 -0.19265 -0.15190
1108 -0.44925 0.19423 0.19812
1109 -0.09319 0.02349 -0.13945
1110 -0.24221 -0.12931 -0.03770
1111 0.40981 0.08490 0.67788
1112 -0.06530 -0.17644 -0.38059
1113 0.13792 0.23066 0.48078
1114 -0.04295 -0.23736 -0.44317
1115 -0.59526 0.32791 -0.02623
1116 0.47824 -0.32227 -0.27612
1117 -0.30778 0.06403 0.54037
1118 0.16776 0.05753 -0.12661
1119 0.12615 -0.42477 0.10510
1120 -0.01549 0.12906 -0.07493
1121 -0.20148 0.46703 -0.29118
1122 0.08166 -0.39111 0.17922
1123 0.07968 0.07041 0.06613
1124 -0.07730 -0.19247 0.05873
1125 0.15034 -0.90627 0.06819
1126 0.17750 0.14970 -0.10904
1127 0.00827 1.02587 0.16010
1128 -0.18511 -0.27510 -0.21507
1129 0.16479 -0.25683 -0.24932
1130 0.11574 0.02256 0.07433
1131 -0.82213 0.59725 0.18902
1132 0.60274 -0.36536 0.04437
1133 -0.32302 -0.80378 -0.03347
1134 -0.04642 -0.09822 -0.08030
1135 0.08233 0.96707 0.24140
1136 -0.01234 -0.28830 -0.06179
1137 0.16973 0.37551 -0.13879
1138 0.10172 -0.14890 -0.06166
1139 -0.23818 -0.17115 0.07200
1140 0.68811 0.00234 0.58037
1141 -0.46891 -0.03641 -0.23034
1142 0.17868 -0.23869 -0.10816
1143 -0.22828 0.12487 -0.10140
1144 -0.20539 1.10686 -0.20687
1145 -0.18449 -0.30293 -0.00438
1146 0.50085 -1.18856 -0.09477
1147 -0.06307 0.29447 0.15995
1148 0.19220 0.32658 0.53538
1149 -0.01431 -0.19089 -0.40647
1150 -1.04657 0.38275 -0.73939
1151 0.62821 0.08670 0.10448
1152 0.57631 0.08524 1.41791
1153 -0.36721 -0.40745 -1.04464
1154 0.24437 -0.06096 0.27429
1155 -0.48344 0.63784 -0.15947
1156 -0.13999 -0.20082 -0.02894
1157 0.14710 -0.21601 0.00222
1158 0.26152 -0.09096 -0.18734
1159 0.33657 -0.02117 0.33894
1160 -0.06187 -0.08014 -0.22242
1161 -0.03017 0.02481 -0.28492
1162 0.49939 -0.80464 0.92535
1163 -0.35578 0.82447 -0.62862
1164 0.09793 -0.33224 0.25153
1165 -0.13204 0.47640 -0.34756
1166 0.11911 -0.62214 -0.48976
1167 0.07504 -0.01257 0.04263
1168 -0.55157 0.87157 0.75615
1169 -0.09784 -0.45632 0.08190
1170 0.16647 1.07759 -0.74661
1171 0.26746 -0.36427 0.00547
1172 -0.38144 -0.72690 0.23807
1173 -0.02425 -0.18326 0.65822
1174 0.05862 0.03778 0.04187
1175 0.03229 0.15560 -0.71952
1176 0.21778 -0.00985 0.07351
1177 -0.14033 0.18917 0.01305
1178 0.22600 -0.23610 -0.11164
1179 -0.00020 0.24185 0.16224
1180 0.11901 0.23433 -0.35024
1181 -0.00613 0.14063 0.14924
1182 -0.25535 -0.62384 -0.00230
1183 0.04322 0.64933 0.02138
1184 0.65534 -0.56357 0.14952
1185 -0.77959 0.45809 0.23686
1186 0.32643 0.09013 -0.27888
1187 -0.09281 -0.09799 0.16610
1188 -0.18475 0.54019 0.16326
1189 -0.00678 0.13005 0.06063
1190 -0.78797 -0.73526 -0.15696
1191 0.46080 0.03428 -0.10748
1192 0.33069 0.58104 -0.46473
1193 0.05438 0.00595 0.05662
1194 -0.44985 0.18353 -0.30446
1195 -0.27890 -0.12212 0.11410
1196 -0.26533 -0.26822 -0.24890
1197 -0.08903 -1.19917 0.35863
1198 0.43654 0.30267 0.08866
1199 -0.01820 0.94927 0.50003
1200 0.13724 -0.00814 -0.53632
1201 0.15926 -0.77985 -0.44900
1202 -0.37110 0.05554 0.15839
1203 0.78858 -0.01165 0.23516
1204 -0.59266 0.06357 -0.15264
1205 0.01900 0.50794 0.07125
1206 -0.25168 -0.54127 0.34250
1207 -0.55655 0.10025 0.10892
1208 0.14560 -0.08611 0.02854
1209 0.13387 -0.50110 0.18128
1210 -0.09108 0.03029 0.12059
1211 0.11884 0.45690 -0.34036
1212 0.17427 -0.07549 0.61029
1213 -0.09456 0.21837 -0.10057
1214 0.18553 -0.77766 -0.54305
1215 -0.35311 0.45722 0.04555
1216 -0.22640 0.20004 0.39257
1217 0.09211 -0.13088 -0.22922
1218 -0.01564 -0.49042 0.58668
1219 0.00219 0.68036 -0.52394
1220 -0.50407 -0.41505 0.27499
1221 0.04754 0.31470 -0.21961
1222 0.51559 0.07668 0.17997
1223 0.13730 -0.24097 -0.13995
1224 -0.27767 0.55171 0.05129
1225 0.40930 -0.04284 -0.32770
1226 -0.70913 -0.33010 0.56060
1227 0.28917 0.14163 -0.00760
1228 0.80619 -0.17862 -0.47593
1229 0.00877 -0.08724 -0.03252
1230 0.05258 0.17313 0.07380
1231 -0.07105 0.37732 -0.03931
1232 -0.28564 -0.06039 0.25919
1233 0.24244 0.24127 -0.38491
1234 -0.18333 0.08553 0.12347
1235 -0.57783 -0.80522 -0.26396
1236 0.07052 -0.00261 0.11799
1237 0.66646 1.05386 0.54841
1238 -0.06102 -0.28196 -0.12723
1239 0.04348 -0.47173 -0.45386
1240 -0.38603 -0.00217 0.31533
1241 0.44566 -0.03149 0.19742
1242 0.31960 -0.35048 -0.28317
1243 -0.68874 0.00795 0.04896
1244 0.30309 -0.09425 -0.16642
1245 -0.32535 0.49387 0.56905
1246 0.51525 -0.41267 -0.48898
1247 0.01517 0.48287 -0.19203
1248 0.17478 1.03149 0.16113
1249 -1.31251 -0.47283 -0.97193
1250 1.08927 -0.53390 0.77205
1251 -0.85839 -0.28083 0.43094
1252 0.51163 0.17592 -0.10927
1253 -0.17166 -0.37601 -0.44650
1254 0.29824 -0.02856 -0.01869
1255 0.02848 0.31380 0.26226
1256 -0.02101 0.04205 -0.12366
1257 0.36691 -0.41311 -0.24637
1258 -0.32031 0.00165 0.16757
1259 -0.16714 -0.16528 0.12016
1260 0.27672 -0.04372 -0.08775
1261 0.00750 0.37359 -0.33868
1262 -0.00442 0.05212 -0.00545
1263 0.22731 -0.11098 -0.06114
1264 -0.18477 -0.03532 -0.10080
1265 0.53415 0.38602 0.18690
1266 -0.49349 -0.20331 -0.03243
1267 0.35919 0.15357 -0.22863
1268 -0.12998 -0.13770 0.42260
1269 -1.33396 0.50827 -0.27628
1270 0.69087 -0.44587 0.26948
1271 1.12991 0.50496 0.47210
1272 0.09115 -0.09490 -0.05014
1273 -0.60416 -0.79736 -0.53933
1274 -0.29684 0.05101 0.14104
1275 0.05957 0.18665 0.04532
1276 1.38489 0.54965 0.71890
1277 -0.51787 -0.56262 -0.48024
1278 -1.08242 0.83371 0.27260
1279 0.02094 -0.08042 -0.02125
1280 0.37014 -0.76681 -0.29792
1281 0.04830 0.06248 -0.12034
1282 0.04795 0.09175 -0.05922
1283 -0.09637 -0.14544 0.10495
1284 -0.16343 0.38028 -0.64477
1285 -0.19720 -0.14456 0.16150
1286 0.43397 -0.72773 0.27167
1287 0.02938 -0.01570 0.02260
1288 -0.10901 0.91870 0.60865
1289 0.03220 -0.22328 -0.22476
1290 -0.02502 -0.49681 0.37885
1291 0.05935 0.13967 -0.49852
1292 -0.10388 0.00753 0.29436
1293 0.80563 0.46914 -0.51956
1294 -0.11625 -0.13446 0.16790
1295 -0.38337 -0.34639 0.26345
1296 -0.41332 0.83288 -0.65337
1297 0.08753 -0.59114 0.51346
1298 -0.02508 -0.21601 -0.27215
1299 0.12489 0.11014 0.06928
1300 0.11898 -0.21311 0.09000
1301 -0.15591 0.03712 0.19886
1302 0.03501 -0.01821 -0.02374
1303 0.02916 0.00943 0.11760
1304 -0.09318 0.08028 -0.05530
1305 0.15959 -0.11013 -0.08577
1306 -0.23212 0.06951 0.04689
1307 0.15097 0.07952 -0.18087
1308 0.24027 -0.03632 0.05892
1309 -0.19635 -0.18098 0.31483
1310 -0.03509 0.19141 -0.18473
1311 -0.72905 0.33780 -0.23686
1312 0.48309 -0.15472 0.07547
1313 0.77821 -0.32594 0.27124
1314 -0.78854 -0.08194 0.09383
1315 0.17264 0.14781 0.00153
1316 -0.01503 -0.07755 -0.34337
1317 0.29702 0.70187 0.32850
1318 0.23137 -0.12871 -0.11705
1319 -0.16775 -0.51625 -0.15464
1320 -0.51937 0.14914 0.05370
1321 0.02634 -0.40802 -0.28834
1322 0.08463 0.17739 0.25598
1323 -0.20880 0.11082 0.08527
1324 0.12448 0.06087 -0.16922
1325 -0.32457 -0.07383 0.36955
1326 0.39471 -0.02593 -0.31500
1327 0.25650 0.39520 0.26778
1328 -0.30061 -0.19048 -0.24963
1329 0.24159 -0.46916 -0.07975
1330 -0.39251 0.15845 0.20446
1331 1.01333 -0.56903 -0.77584
1332 -0.80441 0.63317 0.60070
1333 0.15225 0.01038 0.33128
1334 -0.22441 0.01423 -0.21918
1335 0.69695 -0.89325 -0.50327
1336 -0.17811 0.20171 0.35691
1337 -0.44940 0.52260 0.31846
1338 0.40458 0.19872 -0.35532
1339 -0.16727 0.01773 0.02625
1340 -0.50934 -0.23741 0.28557
1341 0.02630 0.00340 -0.12846
1342 0.71962 0.25251 -0.47838
1343 0.14082 0.15694 0.33459
1344 -0.67168 -0.33578 -0.03344
1345 -0.16807 0.20044 -0.12899
1346 0.37979 -0.02388 -0.10524
1347 -0.23544 0.02176 0.24093
1348 0.15416 -0.27517 0.06618
1349 0.00479 0.09291 -0.00515
1350 0.04274 -0.99172 0.89012
1351 -0.29990 0.32482 -0.70192
1352 0.19635 0.80934 -0.03977
1353 0.05326 0.18544 -0.44539
1354 -0.50331 0.62294 -0.32127
1355 0.26869 -0.20506 0.04799
1356 0.49595 -0.39413 0.14077
1357 -0.38211 -0.20263 -0.09952
1358 -0.11692 0.06685 -0.14850
1359 0.46148 -0.34693 0.78312
1360 -0.19474 0.46266 -0.48432
1361 -0.17086 -0.20844 -0.13521
1362 0.23753 0.23486 -0.28973
1363 0.00578 -0.12200 0.32737
1364 0.94451 -0.66620 0.70716
1365 -0.52235 0.36963 0.08135
1366 -0.15088 0.30675 -0.67100
1367 -0.36180 -0.20882 0.00674
1368 -0.06022 -0.01606 -0.35966
1369 -0.20911 -0.11997 0.06162
1370 0.49271 0.55114 0.89189
1371 -0.30253 -0.15057 -0.07386
1372 -0.99570 -1.11607 -0.38269
1373 0.89672 0.31596 -0.23410
1374 0.19019 0.49319 -0.09459
1375 -0.00811 0.02583 0.07099
1376 -0.69295 -0.40130 0.64074
1377 0.13432 0.11892 -0.18754
1378 1.14526 0.04668 -0.29893
1379 -0.01678 -0.10317 0.13055
1380 -0.88907 0.66300 0.01527
1381 1.22394 -0.59342 0.63061
1382 -0.62128 0.26531 -0.24597
1383 -0.53288 -0.04762 -0.57844
1384 0.19575 -0.16912 0.10226
1385 -0.28782 -0.17079 0.40106
1386 0.22532 0.29772 -0.14513
1387 0.13031 -0.24769 -0.39332
1388 -0.06802 0.16040 0.11198
1389 0.00992 -0.23155 0.74429
1390 -0.18356 0.16824 -0.10408
1391 -0.04589 0.15865 -0.52189
1392 0.49716 0.01856 -0.20721
1393 -0.17207 -0.11378 0.12983
1394 0.12380 0.07550 0.09440
1395 0.01042 -0.12391 -0.02430
1396 0.06243 0.02297 0.00723
1397 -0.28395 0.06753 -0.00673
1398 0.17508 0.00188 0.11524
1399 0.32807 -1.11740 0.03312
1400 -0.42342 0.73245 0.17413
1401 0.98946 -0.15186 -0.73171
1402 -0.30916 0.44013 0.11039
1403 -0.75974 0.11288 0.49448
1404 0.14359 -0.01242 0.07844
1405 0.72517 -1.05063 -0.74497
1406 -0.42081 0.64644 0.12484
1407 -0.49818 1.01505 0.16740
1408 0.15618 -0.41519 -0.08612
1409 -0.57366 -1.00272 -0.29235
1410 0.29406 0.54323 0.48803
1411 0.83650 0.02456 0.04961
1412 -0.42508 0.22232 -0.01026
1413 -0.17023 -0.75311 0.12956
1414 -0.43527 0.25899 0.00864
1415 0.44235 0.76203 -0.61731
1416 0.07289 -0.01450 -0.03831
1417 -0.04722 -0.34726 -0.02313
1418 0.26636 -0.00565 0.11210
1419 -0.33295 0.18857 0.49986
1420 0.10531 -0.09371 -0.06775
1421 0.00307 0.30969 -0.09973
1422 -0.20311 -0.42225 -0.22619
1423 0.02035 0.37289 -0.53860
1424 0.16456 -0.10510 0.61385
1425 -0.40201 -0.26613 -0.00508
1426 0.21089 0.10760 0.06028
1427 0.57436 0.94755 -0.21712
1428 -0.21081 -0.11957 0.07886
1429 -0.42539 -0.86213 0.07695
1430 0.38538 0.30237 -0.62874
1431 -0.41605 0.04347 0.47182
1432 0.03752 -0.04394 0.18111
1433 0.70780 0.03507 -0.01615
1434 -0.48787 -0.08488 -0.10772
1435 -0.86757 0.11006 -0.29928
1436 0.71601 -0.02077 0.39961
1437 -0.00206 -0.06160 -0.09815
1438 0.02597 -0.05460 0.03512
1439 0.31222 -0.11782 0.32019
1440 -0.25672 -0.07108 -0.10668
1441 0.31829 0.14847 0.25936
1442 -0.16564 -0.26860 -0.15230
1443 0.20683 0.15014 0.36991
1444 0.09164 0.36349 0.86310
1445 -0.26069 -0.66790 0.51470
1446 0.24162 0.29014 -1.27428
1447 -0.09162 0.12475 -0.84778
1448 0.31023 0.01636 0.29444
1449 -0.53645 -0.18950 1.02559
1450 0.16770 0.01255 0.01204
1451 -0.09749 0.50360 -1.13148
1452 -0.11507 -0.18020 -0.07304
1453 0.45996 -0.25879 0.64607
1454 -0.16504 0.06978 -0.50887
1455 -0.00588 -0.33677 0.20402
1456 -0.03330 -0.03360 -0.15118
1457 -0.54245 0.41784 0.06201
1458 -0.08727 -0.01282 0.05681
1459 1.31860 -0.08952 -0.72891
1460 -0.38892 -0.05483 0.72395
1461 -1.05717 0.19537 -0.16174
1462 0.23867 0.03457 0.15055
1463 0.70620 -0.11306 0.22317
1464 -0.14276 0.01789 -0.09971
1465 -0.56537 -0.30092 0.09071
1466 0.35264 0.35703 -0.11256
1467 0.26760 -0.18157 -0.39458
1468 0.04957 0.04432 0.02013
1469 0.36011 -0.54904 0.22096
1470 -0.24042 -0.04002 0.21558
1471 -0.24936 0.77238 0.00992
1472 0.00860 -0.01365 -0.17676
1473 0.02995 0.28989 -0.54297
1474 -0.09076 -0.33087 -0.05834
1475 -0.53834 -0.22685 0.25001
1476 0.15557 0.06651 0.37099
1477 0.32427 -0.14791 -0.16156
1478 -0.08075 0.03013 -0.09064
1479 0.02350 0.25672 0.03880
1480 -0.07842 0.09007 0.00265
1481 -0.16347 0.48482 0.30742
1482 0.25209 -0.08555 0.08814
1483 0.52468 -0.07364 -1.54037
1484 0.19368 -0.24028 0.80427
1485 -0.20822 -0.33346 0.08094
1486 0.17454 0.11868 0.34802
1487 -0.50183 -0.05957 -0.35500
1488 -0.02973 0.11492 0.04642
1489 0.94375 -0.29876 -0.14296
1490 -0.46386 0.16850 0.34751
1491 0.17699 0.03111 -0.05167
1492 -0.11519 0.03692 0.22440
1493 -0.07569 -0.05239 0.14206
1494 -0.21227 0.98648 -0.65075
1495 0.00296 -0.71159 0.07650
1496 0.27046 0.14192 0.87726
1497 -0.07787 -0.24033 -0.46106
1498 -0.40567 -0.01283 -0.04015
1499 0.48620 -0.20009 -1.28343
1500 0.17175 0.19871 0.71715
1501 -0.22728 0.04450 0.72901
1502 0.02897 0.01679 -0.08751
1503 -0.40370 0.05573 -0.25333
1504 -0.11371 0.00792 -0.02022
1505 0.44802 -0.07662 -0.05860
1506 -0.21626 -0.00512 0.05011
1507 0.54435 -0.43235 0.09366
1508 -0.45313 0.08978 0.20912
1509 0.24846 0.42208 -0.26549
1510 -0.05566 0.08633 0.00072
1511 -1.00806 -0.30318 0.45589
1512 0.46653 0.07931 -0.12711
1513 0.01812 0.49226 -0.01874
1514 -0.26467 -0.22209 0.05413
1515 0.25165 -0.32404 0.21286
1516 -0.02468 0.00402 0.18605
1517 0.12520 -0.01788 0.11714
1518 -0.78361 -0.19268 -0.44360
1519 0.38050 0.27255 0.20341
1520 1.52403 0.62065 0.62733
1521 -0.60809 -0.23762 0.05757
1522 -0.26814 -0.34506 -0.37875
1523 -0.03461 -0.21930 -0.36773
1524 0.15595 -0.08400 0.04336
1525 0.26444 -0.39562 -0.18282
1526 -0.68394 0.73902 0.25143
1527 1.15698 0.63199 -0.25470
1528 0.40833 -0.13881 -0.07034
1529 -1.15974 -0.17871 0.20630
1530 -0.00208 -0.14088 0.37184
1531 -0.08779 -0.33420 -0.17958
1532 0.37929 1.10971 0.06464
1533 -0.35167 -0.72159 -0.19832
1534 0.19526 -0.24183 -0.07297
1535 -0.18105 0.17680 0.10618
1536 -0.43884 0.03367 0.20555
1537 0.28375 0.10972 0.00740
1538 0.29907 0.29041 -0.66763
1539 -0.08245 -0.08345 0.05958
1540 -0.52933 -0.01739 0.30152
1541 0.11545 -0.08960 -0.10357
1542 0.60847 -0.59949 0.37480
1543 -0.26293 0.02405 -0.08514
1544 0.36694 0.82582 -0.18027
1545 -0.58559 -0.26061 -0.08463
1546 0.06514 0.25330 0.39683
1547 0.01551 -0.27148 -0.20987
1548 0.68125 0.00025 0.19017
1549 -0.33374 -0.13167 -0.03285
1550 -1.04560 -0.29759 -0.21824
1551 0.64189 0.32402 -0.27846
1552 0.16275 0.16017 0.39783
1553 -0.08631 -0.06619 -0.03653
1554 0.81960 -0.01224 -0.45062
1555 -0.59586 0.05651 0.16851
1556 -0.02516 0.18135 0.09846
1557 -0.40277 -0.01203 0.06427
1558 0.24235 -0.47757 0.22227
1559 0.06935 0.13721 0.04629
1560 -0.62525 -0.14206 -0.41938
1561 0.20130 0.06392 -0.01586
1562 0.37219 0.00059 0.07378
1563 -0.01869 -0.01822 -0.06376
1564 0.07513 -0.46748 0.40997
1565 0.06242 0.30589 -0.00397
1566 -0.68709 0.71643 -0.40646
1567 0.43912 -0.14946 -0.08242
1568 -0.05989 -0.28116 0.34190
1569 0.06192 -0.00956 -0.08301
1570 0.11171 0.00574 0.17542
1571 -0.00062 -0.03892 0.02622
1572 -0.37065 0.14698 -0.03893
1573 -0.02623 0.02415 0.10241
1574 0.24701 -0.40203 -0.49027
1575 -0.07075 0.08109 0.12143
1576 0.20123 0.30559 0.11661
1577 -0.20293 -0.16745 0.42049
1578 -0.07036 -0.40089 -0.02564
1579 0.03941 0.15930 -0.02263
1580 -0.01113 -0.23021 0.28161
1581 -0.04114 0.11606 0.06590
1582 0.38166 0.12613 -0.53821
1583 -0.23002 0.13100 0.19036
1584 -0.65354 -0.56455 1.08684
1585 0.46856 0.39310 -0.62502
1586 0.58560 0.23044 -0.57903
1587 -0.49041 -0.12473 0.39163
1588 0.16977 0.66208 -0.46543
1589 0.01781 -0.46828 0.34882
1590 -1.43952 0.54608 1.25669
1591 0.95223 -0.28872 -0.83133
1592 0.66830 -0.55114 -0.71737
1593 -0.40052 -0.14230 0.07812
1594 -0.53412 0.43983 0.36079
1595 0.15384 0.05177 -0.13659
1596 -0.02719 -1.08044 -0.16449
1597 0.01889 0.59932 0.22026
1598 0.00920 0.56048 -0.21151
1599 -0.04489 -0.04446 0.06785
1600 0.39862 -0.53346 0.13362
1601 -1.05020 -0.68050 0.48422
1602 0.05649 0.31077 -0.00366
1603 1.12149 0.76380 -0.69007
1604 -0.03780 -0.48760 0.06115
1605 -0.34314 0.19796 0.28442
1606 -0.06180 -0.01344 -0.04066
1607 -0.26964 1.08039 0.39974
1608 -0.15233 -0.51705 -0.43981
1609 0.29557 -0.90319 -0.25505
1610 0.08322 0.26944 0.23774
1611 -0.35881 -0.35223 0.14652
1612 0.05160 0.23746 -0.11115
1613 -0.26898 0.63923 0.34809
1614 0.37875 -0.39789 -0.31961
1615 0.90877 -0.33315 -0.80212
1616 -0.19719 0.48060 0.48610
1617 -0.73233 -0.11817 0.18304
1618 0.01097 -0.06336 0.03666
1619 -0.25432 -0.23955 0.70387
1620 0.31617 0.05286 -0.25601
1621 -0.26905 0.23215 -0.14132
1622 0.42338 -0.06555 -0.10581
1623 -0.17049 0.16831 -0.48291
1624 -0.38265 -0.03204 0.09253
1625 0.11883 -0.02173 0.00034
1626 0.54541 -0.31460 0.64317
1627 -0.27257 -0.00030 -0.00124
1628 0.00793 0.07792 -0.51125
1629 -0.18649 -0.23268 -0.23909
1630 0.62912 0.07730 0.34865
1631 -0.28346 0.33397 0.74709
1632 0.18231 -0.02824 -0.08354
1633 -0.67912 -0.28145 -0.82973
1634 0.47438 -0.05652 -0.05839
1635 0.32339 0.26703 -0.05001
1636 0.02084 0.03816 0.02287
1637 -1.10220 0.25118 0.71613
1638 0.46488 0.03838 -0.42848
1639 1.48638 -0.39123 -0.71988
1640 -0.72157 0.11353 0.42518
1641 0.05397 -0.77128 0.28335
1642 -0.04509 0.49657 0.13941
1643 -0.54959 0.35056 0.73530
1644 0.07996 -0.10484 -0.17376
1645 -0.25542 -0.36364 -1.16977
1646 0.23394 0.03155 -0.04123
1647 0.44052 -0.17969 0.60198
1648 -0.25075 0.30448 -0.09917
1649 0.15671 -0.07440 0.38893
1650 0.04231 -0.05497 -0.24798
1651 -0.17027 0.06134 0.02063
1652 0.24390 0.04393 -0.03497
1653 -0.53290 -0.03129 -0.03922
1654 0.27348 0.04011 -0.02075
1655 0.08063 0.21663 -0.10556
1656 0.19742 -0.02303 0.04641
1657 0.35762 0.05277 0.13578
1658 -0.26903 -0.16764 -0.12800
1659 -0.23955 -0.63348 -0.45655
1660 0.30649 0.40205 0.17827
1661 -0.74237 0.37142 0.75502
1662 0.49327 -0.34907 0.01823
1663 0.84072 1.18411 -0.23124
1664 -0.38640 -0.66565 0.07273
1665 -0.42300 -0.25714 -0.56176
1666 -0.01213 -0.09915 0.11522
1667 -0.18960 0.64752 0.79088
1668 -0.01404 0.10900 0.16299
1669 0.04185 -0.19368 -0.14633
1670 -0.04361 -0.63349 -0.63999
1671 0.03081 -0.00934 0.01956
1672 -0.15252 0.01670 0.12175
1673 0.21822 0.26062 0.00117
1674 0.47918 -0.02052 -0.43471
1675 -0.41877 0.07141 -0.03466
1676 -0.13788 0.08434 0.23145
1677 0.06581 -0.16524 0.13623
1678 -0.24206 -0.96077 0.39834
1679 0.14796 0.70396 -0.23068
1680 0.09537 0.32873 -0.05470
1681 -0.04974 0.02284 -0.00232
1682 0.37717 -0.70016 -0.59839
1683 -0.28386 0.37328 0.01339
1684 -0.29318 0.38806 0.90232
1685 -0.04439 0.16782 -0.11851
1686 -0.07624 -0.77318 -0.79000
1687 0.20876 -0.13511 0.36369
1688 -0.70288 0.75208 0.03037
1689 0.45853 -0.42184 -0.01587
1690 0.36403 0.77645 -0.26205
1691 -0.04897 -0.48377 0.10455
1692 0.17340 -0.28532 0.39744
1693 -0.09343 0.02472 -0.25338
1694 -0.24292 -0.31321 0.17354
1695 0.14400 0.44237 -0.11015
1696 0.18565 -0.23781 -0.14497
1697 -0.32943 0.33442 0.12347
1698 0.17335 -0.16606 -0.01856
1699 -0.16330 0.23479 0.03227
1700 0.25159 -0.21820 -0.09821
1701 -0.01999 -0.17893 -0.19456
1702 -0.18996 0.14579 0.14421
1703 0.47498 -0.55347 0.13087
1704 -0.10797 0.64948 -0.14399
1705 -0.02122 0.06193 -0.02798
1706 -0.77436 -0.44281 0.07329
1707 0.60060 -0.08284 -0.02467
1708 -0.11834 0.58105 0.53354
1709 0.12269 0.16744 -0.19022
1710 0.07952 -0.08686 0.25628
1711 0.25143 -0.63188 -0.38273
1712 -0.34814 0.35239 -0.08954
1713 0.81454 -0.57963 -0.57768
1714 -0.32318 0.25720 -0.00496
1715 -0.71624 -0.01566 0.88306
1716 -0.31575 0.27609 0.18608
1717 1.09971 0.79984 -0.43910
1718 -0.41155 0.15215 0.30618
1719 -0.76637 -0.94203 0.14498
1720 0.18024 0.04517 -0.03761
1721 1.13189 0.10716 0.06646
1722 0.04095 0.42013 -0.18707
1723 0.02859 -0.26049 0.08331
1724 -1.36837 -0.07373 -0.14255
1725 0.19480 -0.01254 0.14418
1726 0.27917 0.18730 -0.21659
1727 -0.09005 0.03776 -0.09812
1728 0.27059 0.45307 -0.11401
1729 0.12814 0.03277 0.14184
1730 0.19042 0.05543 0.10776
1731 0.21007 -1.20839 0.08877
1732 -0.40519 0.31258 0.20402
1733 0.28622 0.17437 -0.22040
1734 -0.06655 -0.16568 -0.04929
1735 0.09157 0.33345 0.31100
1736 0.02401 -0.00359 -0.03086
1737 -1.37312 0.84591 -0.52895
1738 0.67304 -0.58975 -0.18016
1739 0.93030 -0.41079 0.54566
1740 -0.21170 0.17619 0.09967
1741 0.08054 0.02480 -0.30971
1742 -0.49891 -0.25225 -0.10063
1743 -0.06546 -0.84965 0.03110
1744 -0.03203 0.07275 0.07697
1745 0.59125 1.23837 -0.57100
1746 -0.00282 -0.10761 0.14268
1747 -0.86071 -0.39779 0.46558
1748 -0.01082 0.12685 -0.00078
1749 0.91208 -0.03184 -0.11771
1750 -0.24012 -0.05159 0.18154
1751 -0.54015 0.09321 -0.37207
1752 -0.08436 0.00613 0.23314
1753 0.50182 -0.45179 -0.04502
1754 -0.04102 0.10079 0.01251
1755 0.20073 0.46385 0.07741
1756 -0.01265 -0.03604 -0.00263
1757 -0.59916 0.09794 0.42525
1758 0.27908 -0.08166 -0.15046
1759 0.06135 -0.14041 0.03708
1760 0.01824 0.04044 -0.01566
1761 0.55920 -0.56699 -0.15416
1762 -0.17667 0.17548 0.16567
1763 -0.17439 0.15233 -0.95233
1764 -0.21700 0.28417 0.42915
1765 0.23711 0.04738 0.28114
1766 -0.01463 0.00375 -0.00665
1767 -0.52767 -0.57283 -0.31548
1768 0.07126 0.03167 -0.01543
1769 -0.02071 0.43876 0.86465
1770 0.08486 -0.16193 -0.30682
1771 0.40739 0.40403 -0.03256
1772 0.01649 -0.32873 -0.12262
1773 -0.25053 -0.12325 -0.02178
1774 -0.00755 -0.23808 -0.31595
1775 -0.05778 0.22734 0.29993
