1 0.02010 -0.04612 0.08278
2 0.00881 -0.00535 0.03896
3 -0.49517 0.21991 -0.26026
4 -0.00539 -0.01192 -0.01481
5 0.89434 0.24586 -0.00883
6 -0.45259 -0.28168 0.14091
7 0.89068 -0.59616 0.25633
8 -0.96629 0.21089 -0.17960
9 0.11157 0.42956 0.14659
10 0.00753 -0.07655 0.22543
11 -0.27225 -0.80827 -0.55850
12 0.07935 0.12645 0.13095
13 0.15436 0.53277 -0.32160
14 0.03817 -0.07007 0.17649
15 -0.64813 0.23392 0.16668
16 0.10406 -0.45429 -0.25799
17 0.94241 0.02574 -0.10509
18 -0.46676 -0.13636 0.27064
19 0.19806 -0.12012 0.10492
20 -0.54644 -0.13804 -0.15312
21 0.13794 0.17083 -0.10021
22 0.01007 0.38217 0.30498
23 0.21694 -0.01852 -0.11497
24 -0.61479 -0.76157 -0.54854
25 0.23681 0.17924 0.09822
26 0.22126 0.46090 0.64547
27 0.05800 0.02526 -0.01809
28 0.06586 -0.21260 -0.70132
29 0.04437 -0.00648 0.11050
30 0.19245 -0.02995 0.36367
31 -0.36979 0.39928 0.07933
32 -0.02153 -0.23053 -0.52833
33 -0.07130 0.16416 0.36495
34 0.18517 -0.02372 0.10623
35 0.12385 0.02546 -0.03125
36 -0.32339 -0.51532 0.09254
37 -0.31539 0.25454 0.05448
38 0.55854 0.82774 -0.36858
39 0.05182 -0.64363 -0.08763
40 0.72901 -0.07768 0.06600
41 -0.06302 -0.05151 -0.30614
42 -0.69996 0.01573 0.50087
43 -0.16978 -0.03046 -0.88570
44 0.10413 -0.09107 0.38409
45 0.11127 0.42010 0.43276
46 -0.11538 -0.28878 -0.27545
47 0.05544 0.16095 -0.53423
48 0.02223 0.32163 0.05686
49 -0.16293 -0.29165 0.49492
50 0.07267 -0.05191 -0.22346
51 -0.10704 -0.03122 -0.01179
52 0.26056 -0.06040 -0.03946
53 0.78427 0.71987 -0.41189
54 -0.95141 -0.45965 0.43858
55 0.69899 -0.58524 0.38818
56 0.11565 0.23305 0.05235
57 -1.27992 0.18694 -0.37422
58 0.69621 0.04275 -0.20211
59 -0.28135 -0.16908 0.02734
60 0.07052 0.07600 0.05197
61 0.16134 0.42839 -0.11284
62 0.08430 -0.17344 -0.26331
63 0.15172 -0.71593 -0.00544
64 -0.03380 0.10905 0.00132
65 -0.41540 0.35461 -0.24678
66 -0.05262 0.00873 0.13862
67 0.19156 -0.10522 0.15164
68 -0.32198 0.19743 0.25811
69 -0.09157 -0.16697 -0.09392
70 0.04459 -0.25302 -0.63770
71 -0.76724 0.93043 0.51199
72 0.65630 -0.16287 -0.19532
73 1.02165 -0.84550 0.26581
74 0.02460 0.41325 -0.13228
75 -0.64739 0.24646 -0.08473
76 -0.00455 -0.35085 0.10587
77 -0.42460 -0.23887 -0.46684
78 0.25053 0.08068 0.06714
79 0.10346 0.52618 0.83179
80 -0.11204 -0.03507 -0.40024
81 -0.25439 -0.34391 -0.22785
82 0.09235 0.06574 0.11662
83 0.65865 0.33237 -0.63495
84 -0.41699 0.03989 0.58035
85 -0.00278 -0.83134 0.38496
86 -0.16384 0.26484 -0.15854
87 -0.30791 0.34312 -0.27420
88 0.00291 -0.00317 0.01661
89 0.62670 0.28540 -0.28649
90 -0.27434 0.06797 0.10350
91 -0.50048 -0.73530 -0.28946
92 0.10069 0.47169 0.18066
93 0.15434 0.38608 0.14455
94 -0.04666 -0.19795 -0.20551
95 0.50697 -0.14872 0.04810
96 -0.18863 0.29583 -0.29871
97 -0.94145 -1.10121 -0.15064
98 0.19550 1.02249 0.07003
99 -0.56346 0.10460 0.39801
100 0.17174 0.39377 -0.14149
101 0.46741 -0.20016 -0.47507
102 0.20005 -0.06031 0.34720
103 -0.36262 0.58677 0.60588
104 -0.01655 0.28098 -0.00429
105 0.33389 -0.10653 -0.63867
106 -0.02605 -0.56761 0.29547
107 -0.05415 0.09386 -0.24079
108 -0.14245 0.34963 0.39765
109 0.41650 -0.43521 -0.10957
110 -0.17289 0.04864 -0.29149
111 0.36054 -0.28733 0.99475
112 -0.02832 0.11808 -0.39909
113 -0.70775 -0.26608 -1.14114
114 -0.20886 0.44193 0.34141
115 0.84569 0.92757 -0.18289
116 -0.13478 -0.78376 0.39576
117 -0.36402 0.02900 0.17536
118 0.20662 0.21235 0.17250
119 0.63401 -0.46219 -0.39107
120 -0.47048 0.11213 0.09539
121 0.00999 0.34860 -0.46022
122 -0.06020 0.11013 0.08968
123 0.56423 -0.50463 0.33788
124 -0.48731 -0.02472 -0.07364
125 -0.32612 0.35725 -0.47983
126 0.03787 -0.28648 0.11835
127 0.03757 0.02903 0.13356
128 -0.21939 0.01994 -0.10879
129 0.15610 -0.18223 -0.44361
130 0.14324 0.17754 0.19130
131 -0.47750 -0.70824 -0.26623
132 0.24580 0.34654 -0.02093
133 0.18547 0.08504 0.95079
134 0.00026 0.51433 0.11115
135 -0.24161 -0.03038 0.10070
136 0.86641 -0.87236 -1.43640
137 -0.10130 0.34642 0.31179
138 -0.68930 0.18672 0.52840
139 -0.37680 0.42399 -0.34530
140 -0.08992 -0.20990 0.42324
141 0.33294 -0.15101 0.20984
142 0.07677 0.10720 -0.06995
143 -0.04887 -0.07091 -0.30726
144 0.22718 0.09696 0.52447
145 0.19146 0.00053 -0.35543
146 -0.38557 0.26552 -0.51567
147 0.04974 0.01892 0.31920
148 0.68060 -0.74440 0.06054
149 -0.44044 0.48066 -0.15775
150 -0.33795 0.00091 0.48417
151 -0.03870 -0.12923 -0.01512
152 0.66812 -0.19412 0.65275
153 -0.49664 0.18312 -0.41537
154 0.78042 0.12260 -0.11675
155 -0.40684 0.09767 -0.27885
156 -0.42774 -0.27365 -0.31143
157 0.06823 0.09962 0.01355
158 0.16800 0.22556 0.96466
159 0.06442 0.06383 -0.62782
160 -0.38387 -0.23809 0.02484
161 0.04795 -0.28650 -0.04192
162 0.62630 0.18567 -0.00501
163 0.12535 0.66850 -0.24483
164 -0.02131 -0.29027 0.08826
165 -0.33312 0.24053 0.08180
166 -0.08573 -0.21365 0.01237
167 0.19652 -0.35167 -0.51865
168 -0.12106 -0.11740 -0.02073
169 0.01768 0.31739 0.72417
170 0.18887 -0.21487 -0.05155
171 -0.03409 -0.33536 -0.78249
172 -0.17578 0.35405 0.22905
173 0.18795 0.79812 0.17744
174 0.04755 -0.33713 0.11567
175 -0.42667 -1.20281 -0.37442
176 0.01152 0.56385 0.62975
177 -0.04014 -0.26661 -0.76901
178 0.04095 0.36195 0.50952
179 0.67955 -0.45639 0.39479
180 -0.50817 0.18160 -0.16012
181 -0.18638 0.37271 -0.06756
182 0.08730 -0.14837 -0.27419
183 -0.03111 0.22931 -0.03008
184 0.05912 -0.03342 0.21324
185 0.12286 -0.15152 -0.29231
186 -0.01397 0.03533 0.02287
187 -0.56793 -0.57099 0.55164
188 0.05854 0.16159 -0.28852
189 0.84954 0.75232 -0.47350
190 -0.19978 -0.08127 -0.10890
191 0.05458 -0.52908 0.61837
192 -0.15455 -0.04782 0.09710
193 -0.37268 0.70920 0.16895
194 -0.00809 -0.26970 -0.31849
195 0.18022 -0.03520 0.01246
196 0.01932 -0.09046 0.03297
197 -0.12612 -0.54140 0.51718
198 0.03621 0.08746 -0.62053
199 -0.16567 0.44133 -0.11943
200 0.10793 -0.23948 0.05596
201 -0.06806 0.87150 -0.15750
202 -0.14760 -0.28336 -0.01540
203 0.12791 -0.73309 0.32320
204 0.42630 0.94163 0.09147
205 -0.24976 -0.47409 -0.05893
206 -0.11442 -0.57589 0.02236
207 0.06653 0.06504 -0.02245
208 0.15100 0.31496 0.06227
209 0.02064 0.03226 0.08905
210 -0.21522 -0.35222 -0.66366
211 -0.14788 -0.28721 0.44328
212 0.50054 0.68370 -0.11809
213 0.01610 -0.18552 0.17301
214 -0.21896 -0.36258 -0.00365
215 -0.25592 -0.18420 0.52286
216 -0.28854 0.28205 -0.25079
217 0.32785 0.24911 -0.50024
218 0.13371 -0.19172 0.11032
219 -0.21108 0.00558 -0.08528
220 -0.06055 0.00162 0.00243
221 -0.11148 0.09525 -0.12446
222 0.08303 -0.03704 0.35243
223 0.35404 0.19444 -0.33524
224 -0.17326 -0.05416 0.43528
225 -0.11565 -0.34732 0.37058
226 -0.02979 0.04580 -0.06722
227 -0.29461 0.95299 -0.81731
228 0.19223 -0.25359 0.57084
229 0.35084 -0.31597 -0.45330
230 0.36893 -0.24462 0.29794
231 -0.13133 -0.01898 0.59839
232 0.00186 -0.28541 -0.46418
233 -0.65720 -0.07393 -0.15053
234 -0.03134 0.22042 -0.20965
235 0.72864 -0.32798 0.89089
236 -0.14339 0.46767 -0.35448
237 -0.47136 -0.05213 -0.51301
238 0.17370 0.15432 0.05500
239 0.14081 -0.06515 0.32943
240 0.01503 0.18293 -0.26537
241 0.31951 -0.11690 0.94700
242 -0.38079 0.13964 -0.33075
243 0.26256 -0.65553 -0.36253
244 -0.12609 0.46973 -0.12128
245 0.25599 0.70530 -0.43778
246 -0.07366 -0.13516 0.51501
247 -0.11287 -0.13554 0.43286
248 0.00147 0.15766 -0.43851
249 -0.37708 -0.15388 0.05407
250 -0.20223 -0.20041 -0.23909
251 0.29396 -0.58808 0.71800
252 0.13618 0.47197 -0.63070
253 -0.22473 -0.51572 0.80194
254 0.22489 0.53152 -0.77239
255 -0.17014 -0.14095 -0.45451
256 -0.07033 0.00621 0.13985
257 0.27194 0.13752 -0.12252
258 0.00290 0.16142 0.33762
259 0.59586 0.58248 0.69425
260 -0.33377 -0.47430 -0.16862
261 -0.46471 -0.18574 -0.16092
262 0.04019 -0.07170 -0.10644
263 1.02663 -0.28103 0.17641
264 -0.45442 -0.01830 -0.40561
265 -0.92820 0.24669 -0.22943
266 0.23666 -0.00616 0.14436
267 0.12800 -0.28138 0.28574
268 -0.00961 -0.06875 -0.07356
269 1.17137 0.06010 -0.18110
270 -0.89200 0.17058 0.02492
271 -0.54407 -0.02609 0.01647
272 0.41318 -0.08981 0.01427
273 -0.11379 0.56493 0.21979
274 0.18174 -0.21435 0.22567
275 -0.32796 -0.53534 -0.87110
276 -0.16073 0.19849 0.40365
277 0.71306 0.08052 0.54574
278 0.02108 -0.18273 -0.38360
279 -0.32097 0.33836 -0.18575
280 -0.03641 -0.17353 0.14615
281 -0.09180 -0.08795 0.03818
282 -0.18560 0.52311 0.16958
283 0.01051 -0.14365 0.02900
284 -0.26257 -0.20961 -0.64124
285 0.33007 0.31460 0.17018
286 0.02418 0.27417 0.00055
287 0.06815 -0.07389 0.17790
288 -0.11928 -0.42554 0.05897
289 0.05415 0.10947 -0.02808
290 0.81628 0.25266 -0.02196
291 -0.21097 -0.21383 0.07896
292 -0.20791 0.22396 -0.03370
293 0.03786 -0.07969 -0.01727
294 -0.26590 -0.48335 -0.05192
295 0.05967 0.19954 0.04664
296 0.13237 0.31176 -0.16795
297 -0.10677 -0.09313 0.16572
298 -0.09922 0.28328 0.40493
299 0.18007 -0.34669 -0.44555
300 -0.26720 0.62722 0.66210
301 0.18775 -0.46334 -0.26650
302 -0.00149 -0.37019 -0.48299
303 0.69876 0.40468 0.34709
304 0.29450 -0.15346 0.55301
305 -0.01274 0.26627 -0.34304
306 -0.96879 -0.53299 1.07763
307 0.01487 0.61464 -0.81674
308 0.93109 0.24583 -0.30130
309 -0.07115 0.01167 0.01452
310 -0.29408 -0.31859 0.59631
311 0.13095 0.07569 -0.51906
312 -0.59495 -0.84113 -0.45242
313 0.04904 0.02442 0.18823
314 1.26184 0.62324 0.56042
315 -0.55149 -0.10799 -0.45999
316 0.03116 -0.04944 -0.11049
317 0.58140 0.33193 -0.30781
318 -0.16056 -0.06689 -0.07758
319 -0.35293 -0.17933 0.41176
320 -0.32926 0.27869 0.12029
321 0.09199 -0.19758 -0.13184
322 0.16317 -0.27394 1.39607
323 0.05048 -0.17059 -0.64344
324 -0.16552 0.13947 0.16039
325 -0.90096 -0.00855 -0.72555
326 -0.26090 -0.13171 0.71145
327 0.58237 -0.18302 -0.02571
328 0.13546 0.46881 0.12606
329 0.11618 -0.12783 -0.20070
330 0.43676 0.03830 0.14799
331 -0.09991 -0.24414 -0.03686
332 -0.92299 0.04447 0.58302
333 -0.35173 0.07555 0.08404
334 0.29195 -0.56166 -0.96140
335 -0.22047 0.26439 0.32224
336 0.74675 0.00658 0.39318
337 -0.37598 0.27517 -0.31271
338 -0.55631 0.48712 -0.59120
339 -0.00138 -0.24073 0.09966
340 0.16571 -0.22777 0.83219
341 0.17492 0.39590 0.07520
342 -0.12762 0.30489 -1.26212
343 0.13239 0.24965 0.51019
344 -0.67119 -0.79224 0.34646
345 0.01393 -0.17381 0.21613
346 0.52583 -0.02903 0.79656
347 0.46133 0.19385 -0.50026
348 0.65068 0.09530 -0.46136
349 -0.80235 -0.31345 0.06611
350 0.62046 0.11742 -0.33036
351 -0.80896 0.97759 -0.69761
352 0.17573 -0.47798 0.69538
353 0.24842 -0.41012 -0.29282
354 -0.19556 0.05809 0.19446
355 0.23673 0.11498 0.41809
356 -1.06226 -0.18811 -0.29350
357 0.40243 0.04875 0.12751
358 0.47764 0.00372 0.12073
359 -0.34996 -0.82752 -0.48489
360 0.18465 0.79801 0.17673
361 -0.26449 -0.52314 0.79761
362 0.16364 0.27776 -0.41650
363 0.73167 0.73914 -0.57138
364 -0.20778 -0.13827 0.65069
365 -0.81531 -0.32434 0.03277
366 0.82865 0.28203 0.32160
367 0.48096 -0.04807 0.58768
368 -0.07113 -0.01745 -0.49311
369 -0.13257 -0.15325 -0.35721
370 -0.11107 0.06683 -0.09655
371 -0.49103 0.21783 0.17984
372 0.11574 0.19688 0.24166
373 0.30951 0.93336 0.38726
374 -0.25396 -0.54659 -0.03884
375 -0.80990 -0.78465 -0.40974
376 0.24481 0.05868 0.48068
377 0.76251 0.37848 -0.52400
378 0.02847 -0.15536 0.07792
379 -1.13037 -0.15602 -0.05129
380 0.49572 0.19408 -0.02946
381 -0.22566 0.05312 0.17086
382 0.10005 1.45838 0.11347
383 0.63555 -0.75268 0.17821
384 0.13044 -1.23298 -0.06380
385 -0.10940 0.48809 -0.34003
386 0.09800 -0.03502 -0.34786
387 -0.00646 -0.03119 0.06807
388 -0.13455 -0.10270 0.54608
389 0.24452 0.18489 -0.23225
390 0.20003 0.21424 0.10269
391 -0.20965 0.13670 0.05113
392 0.26090 -0.17834 -0.18602
393 0.02517 0.19130 -0.44128
394 -0.13681 0.06406 0.26118
395 -0.16753 -0.54117 -0.00376
396 0.12762 0.17541 -0.04543
397 1.08890 0.11227 -0.55845
398 -0.55971 0.28708 0.58140
399 -0.53764 -0.39230 0.38189
400 0.00545 -0.36829 0.74504
401 0.24728 0.53115 -0.93129
402 0.53184 0.58346 0.33233
403 -0.59015 -0.42298 -0.43086
404 0.33023 0.10204 0.22263
405 -0.35329 -0.18666 -0.17327
406 0.20515 0.10533 -0.37399
407 -0.27787 -0.16920 -0.01558
408 -0.94981 0.24175 0.28708
409 0.33109 -0.00647 0.12010
410 1.21624 -0.26483 0.53810
411 -0.10175 0.05282 -0.45272
412 -1.09702 -0.83753 -1.00869
413 0.38472 0.61748 0.67819
414 0.12667 0.70116 -0.86167
415 0.01403 -0.40703 0.70159
416 -0.41824 -0.24579 0.23143
417 0.25739 -0.01202 0.15428
418 -1.03653 -0.06846 0.06756
419 0.60216 -0.10006 0.16146
420 0.38793 0.67048 -0.59064
421 -0.18674 -0.13598 -0.02737
422 0.78404 -0.06906 0.35479
423 -0.23191 -0.47222 0.24448
424 -0.37192 0.46420 -0.21613
425 -0.00377 -0.16968 -0.09714
426 0.15750 0.00174 -0.09302
427 -0.32218 -0.11080 0.58577
428 0.40941 -0.19945 -0.63341
429 -0.00830 0.41009 0.08816
430 -0.73832 0.47742 -0.12153
431 0.42489 -0.29129 0.05906
432 0.59107 -0.37117 0.42895
433 -0.15737 0.07672 -0.22862
434 -0.85592 -0.22959 0.35496
435 0.64985 0.36780 -0.29638
436 -0.25991 0.14945 -0.64208
437 0.24559 0.08755 0.55182
438 -0.18884 -0.11486 -0.68779
439 0.25677 0.00363 0.67993
440 -0.94253 -0.16380 -0.15433
441 0.68375 0.27168 0.17976
442 -0.13538 -0.13318 -0.28609
443 0.11785 -0.02876 0.12029
444 -0.15717 0.10103 0.07811
445 0.05124 -0.65411 -0.15108
446 0.17832 0.18047 0.16914
447 0.11550 0.70767 0.17220
448 -0.02065 -0.15103 0.01853
449 0.40002 0.45855 -0.76842
450 -0.17036 -0.00189 0.37143
451 0.59564 -0.95615 0.50844
452 -0.46444 0.35851 -0.31861
453 -0.80366 -0.82388 -0.31167
454 -0.05272 0.19694 0.17998
455 1.03608 0.95063 0.37407
456 -0.27594 -0.04313 1.11036
457 -0.23502 -0.56494 -0.86592
458 0.83704 0.75179 -1.07575
459 -0.06999 -0.13630 0.14351
460 -1.14163 -0.62553 0.58174
461 0.36949 0.10749 0.12480
462 -0.83623 -0.18910 -0.08749
463 0.72890 0.09735 -0.18002
464 0.15734 0.58466 -0.37299
465 0.08811 -0.13364 0.29553
466 -0.13649 -0.24504 -0.42383
467 0.06962 0.00734 0.23696
468 -0.42446 -0.27299 -0.12154
469 0.11292 0.28783 0.13387
470 0.43022 -0.35520 0.56447
471 -0.07160 0.27598 -0.41043
472 -0.49949 -0.14376 -0.23185
473 0.63349 -0.17332 0.25528
474 -0.05581 0.24058 -0.26135
475 -0.41866 0.61031 0.73244
476 -0.06958 -0.12128 -0.07508
477 0.16809 -0.56107 -0.70824
478 0.00152 0.04722 0.07879
479 0.30926 0.96440 -0.13482
480 -0.24076 -0.66943 0.28965
481 -0.99319 0.43257 1.00765
482 0.65725 -0.40149 -0.05465
483 0.97323 -0.04357 -1.38085
484 0.25463 -0.16495 0.12673
485 -0.88621 -0.08423 0.57347
486 0.31587 0.39711 -0.37815
487 -0.23822 -0.26915 0.21054
488 -0.22945 -0.19557 -0.01696
489 -0.19501 -0.05702 0.01069
490 0.52793 -0.63036 0.56860
491 -0.21408 0.39161 -0.40554
492 0.66739 0.47016 0.80331
493 -0.22626 -0.34709 -0.32029
494 -0.78411 0.20975 -0.96210
495 0.20215 0.30403 0.63206
496 -0.24293 -0.60357 0.20035
497 0.34821 0.07787 -0.23019
498 0.05594 1.17843 0.34677
499 0.00296 -0.34298 -0.28409
500 -0.50614 -1.04670 -0.45634
501 0.47839 -0.05372 0.55023
502 0.10425 0.24518 -0.24110
503 -0.30392 -0.47749 -0.14567
504 -0.13437 0.28436 -0.06645
505 0.52386 0.22365 -0.03079
506 -0.09490 0.17525 0.01457
507 -0.15422 0.17654 0.20367
508 -0.00522 -0.20904 0.04734
509 0.19640 -0.26668 -0.33943
510 -0.11602 -0.05734 0.03252
511 0.02912 -0.08527 0.60136
512 -0.04324 -0.97738 -0.56720
513 -0.27140 0.86903 0.04688
514 -0.03184 0.54527 0.37622
515 -0.16513 -0.15838 -0.40616
516 -0.16239 -0.68062 -0.20747
517 0.15675 0.19537 0.23979
518 -0.12230 0.66726 -0.25853
519 -0.00684 -0.35836 0.07994
520 0.60626 -0.35156 -0.18026
521 -0.14844 0.12254 0.15183
522 -1.33006 -0.06385 -0.01663
523 0.29380 0.39474 0.36198
524 0.61623 -0.00238 -0.16734
525 -0.61514 -0.17120 -1.36266
526 0.18223 -0.34722 0.72201
527 0.82822 0.63311 0.96349
528 -0.08531 0.23559 -0.31306
529 -0.63324 -0.81751 -0.22932
530 0.18522 -0.10116 0.08516
531 0.00721 0.87357 0.20048
532 0.05134 -0.36173 0.17489
533 0.36618 -0.62991 -0.26987
534 -0.19296 0.12987 0.15449
535 -0.40093 -0.57940 -0.12219
536 0.52112 0.04990 -0.07659
537 -0.12837 0.43785 0.28764
538 -0.05136 -0.11877 -0.08445
539 -0.01171 -0.33715 0.08873
540 0.06064 0.04460 -0.05491
541 0.34936 0.66263 -0.59692
542 -0.13897 0.09660 0.11331
543 -1.17066 -0.47158 0.35387
544 -0.12883 -0.02611 -0.00605
545 1.31721 0.34718 -0.03911
546 -0.62099 -0.00589 -0.54110
547 0.24763 0.33471 0.40337
548 0.19580 -0.40033 -0.00108
549 -0.14847 -0.06958 -0.11700
550 -0.47644 -0.08495 0.84568
551 0.15157 -0.06849 -0.39612
552 0.92307 -0.00002 -0.61946
553 0.03214 -0.08427 0.05423
554 -0.05345 0.86675 0.28486
555 -0.08180 -0.35539 -0.07030
556 -0.12456 -0.54092 0.82002
557 -0.02755 0.38068 -0.36069
558 -0.03146 0.19878 -0.14864
559 -0.22912 0.07872 0.11358
560 -0.03732 -0.32008 -0.45594
561 -0.05211 0.01585 0.00016
562 0.72369 -0.32596 0.55346
563 -0.31627 0.45539 -0.40685
564 -0.24744 0.70836 0.30925
565 0.09328 -0.68303 -0.37821
566 -0.40415 -0.35518 0.44853
567 0.03286 -0.16247 -0.14326
568 -0.60906 0.57658 -0.97275
569 0.24718 -0.45333 0.33875
570 0.78440 0.45437 1.04571
571 -0.05822 -0.28668 -0.57993
572 0.22196 0.28554 0.33095
573 -0.02611 -0.04625 -0.05787
574 0.15943 -0.39982 -0.36285
575 -0.28720 0.29827 -0.02894
576 -0.17197 -0.01202 -0.24261
577 -0.03133 -0.16017 0.33713
578 0.17867 0.09885 -0.08287
579 -0.07157 -0.07901 0.45668
580 0.15831 0.05918 -0.23593
581 -0.12686 -0.52749 -0.08623
582 -0.26165 0.52492 -0.09834
583 0.87182 -0.36580 0.19430
584 -0.14734 0.23053 -0.12077
585 -0.59386 0.42588 -1.00736
586 -0.14175 -0.43103 0.85555
587 0.34023 0.03982 0.16637
588 -0.02690 0.07405 0.09598
589 -0.26919 -0.21180 -0.35326
590 0.06257 0.05471 0.08676
591 -0.00632 0.21472 0.15669
592 0.00551 0.01701 -0.01787
593 0.06461 -0.33394 -0.09710
594 0.09118 0.24696 0.17078
595 -0.64547 -1.00555 -0.00456
596 0.44125 0.69958 0.31003
597 0.01038 0.07582 -0.25082
598 0.19694 -0.14470 -0.11859
599 -0.17758 0.09144 -0.27051
600 0.99241 0.70288 -0.10076
601 -0.69247 -0.10109 -0.02520
602 0.43887 -0.13924 0.14591
603 -0.61746 0.00578 -0.10420
604 -0.32214 -0.58892 -0.04350
605 0.19982 0.22939 0.24529
606 0.45275 -0.13478 0.01316
607 -0.12018 0.06220 -0.01188
608 0.29534 0.35225 -1.67086
609 -0.57720 0.09828 0.59603
610 0.20876 -0.44898 0.96045
611 0.58667 -0.29137 0.41385
612 -0.57772 0.76823 0.75399
613 -0.09422 -0.62791 -1.28346
614 0.23468 0.01723 -0.31983
615 -0.35133 0.16328 0.28522
616 0.28829 0.21668 -0.24083
617 -0.23848 0.09538 0.15900
618 0.42755 -0.41225 0.43499
619 -0.07341 -0.02058 0.00708
620 -0.51740 0.00441 -0.69997
621 0.17333 -0.00462 0.18815
622 -0.11739 0.28204 -0.02715
623 0.04707 0.02578 0.12702
624 0.25529 0.13258 -0.19251
625 0.01141 -0.68705 0.51897
626 0.05432 0.10902 -0.06577
627 -0.34996 0.54369 -0.44574
628 0.28369 -0.01203 -0.04874
629 -0.25343 -0.60658 0.04922
630 0.12728 0.03277 0.06024
631 -0.39345 0.22663 0.31793
632 0.31194 0.06344 -0.20565
633 0.61647 0.36544 -0.45261
634 -0.14325 -0.29853 0.00799
635 -0.81877 0.02052 0.22365
636 0.47677 -0.10710 0.05708
637 -0.12747 0.19593 0.08282
638 0.03777 -0.04590 -0.00534
639 0.68470 0.27737 -0.30785
640 -0.31779 -0.37510 0.36347
641 0.04759 -0.01883 0.10116
642 -0.10349 -0.18725 0.10400
643 -0.14135 0.16780 -0.34744
644 0.31901 0.69579 0.40950
645 -0.09858 -0.31657 -0.20355
646 0.00762 -0.82062 -0.79625
647 0.01910 0.32164 0.17978
648 -0.38191 0.07545 0.58894
649 0.57227 0.49555 -0.45404
650 -0.00963 -0.26449 -0.04600
651 -0.31311 -0.22824 0.36688
652 0.15261 0.88898 0.35567
653 0.00723 -0.53128 -0.07829
654 0.26418 -0.76457 -0.19639
655 -0.08618 0.28286 0.01597
656 -0.43404 0.26433 0.29899
657 0.09732 -0.03096 0.00473
658 0.00947 0.16420 -0.09097
659 0.25303 -0.42415 -0.69013
660 -0.08256 0.51886 0.12373
661 -0.04032 -0.68708 -0.25988
662 0.00854 0.32281 0.05894
663 -0.09633 0.04423 0.56397
664 -0.02000 0.01548 -0.04194
665 -0.02608 0.48089 0.13310
666 0.27207 -0.25377 -0.06732
667 -0.95417 -0.23156 -0.30798
668 0.33148 -0.11434 -0.02684
669 0.44951 0.20186 0.17941
670 -0.28992 0.55991 0.26693
671 0.18822 -0.30749 -0.25963
672 0.40882 -0.61406 -0.36543
673 -0.24927 0.34172 0.16826
674 0.09519 -0.15131 0.45856
675 0.00890 -0.04984 -0.17697
676 -0.21107 0.22561 -0.09267
677 0.16862 -0.04472 0.25491
678 0.14422 0.22391 -0.26308
679 -0.30456 -0.09202 0.18918
680 0.20644 -0.21214 -0.11149
681 -0.03982 0.08534 0.05266
682 -0.21540 0.05723 0.19276
683 0.11952 -0.07763 -0.09835
684 0.23404 0.21234 0.07105
685 -0.02788 -0.04460 -0.01504
686 -1.02908 -0.16315 -0.42820
687 0.09436 0.18527 -0.04136
688 0.77024 -0.15254 0.91311
689 -0.60600 0.19397 0.35954
690 0.10523 -0.04763 -0.01502
691 0.40985 -0.18053 -0.31295
692 0.14545 0.23404 -1.32626
693 -0.08410 0.41833 0.40972
694 -0.26290 -0.69716 0.83872
695 -0.01267 0.14092 0.11691
696 1.00426 -0.20925 -0.56760
697 -0.44932 -0.14590 0.04646
698 -0.31895 1.08371 1.11660
699 0.14136 -0.55421 -0.49706
700 -0.50021 -0.21184 -1.08066
701 -0.10845 0.26459 0.13264
702 0.43562 -0.47156 0.64025
703 -0.21820 0.34191 -0.75807
704 0.10212 -0.04622 0.24008
705 -0.14030 -0.06007 0.27099
706 0.06347 0.01052 0.06836
707 0.75150 -0.79220 -0.26321
708 -0.44949 0.49692 -0.09730
709 -0.46541 0.61157 0.61880
710 -0.06940 -0.20767 -0.18973
711 0.11420 -0.69234 -0.81872
712 0.26301 0.30880 0.40136
713 0.36964 0.58025 0.19701
714 0.01495 -0.06635 0.02939
715 -0.99302 -0.80237 -0.55318
716 0.28677 0.28937 0.27159
717 0.97889 0.71143 0.74386
718 -0.35556 -0.29206 -0.34801
719 -0.88648 0.15350 -0.43540
720 0.14675 0.05647 -0.03507
721 -0.19376 -0.13397 -0.00964
722 -0.26140 -1.29653 0.40804
723 0.34198 0.23034 0.09313
724 0.98348 1.24541 -0.25128
725 -0.63412 -0.29787 -0.10451
726 -0.23414 0.13649 0.48501
727 -0.01778 -0.22307 -0.02155
728 0.63735 -0.13966 -0.23140
729 -0.58629 0.15409 -0.20795
730 0.82604 -0.51366 0.84079
731 -0.72730 0.38707 -0.79136
732 -0.00879 0.09920 0.26417
733 0.15453 0.01203 -0.02148
734 -0.34245 0.62436 -0.77064
735 0.05514 -0.50445 0.41461
736 -0.24848 -0.18379 -0.00483
737 -0.06283 -0.29403 0.30410
738 0.33740 0.98574 0.12498
739 0.15126 -0.16314 0.06995
740 0.42301 -0.72428 -0.95845
741 -0.42117 -0.24754 0.47110
742 -0.02130 0.66956 0.31876
743 0.08257 -0.18467 0.03193
744 0.30783 -0.01436 0.03040
745 -0.03892 0.03362 -0.04395
746 -0.34375 -0.69207 0.11925
747 0.06995 0.25978 -0.00180
748 -0.41441 0.36117 -0.22295
749 0.10992 0.09370 0.03183
750 0.05580 0.11223 0.38962
751 0.00365 0.02933 0.01233
752 0.20462 -0.52604 -0.85725
753 0.14215 0.36924 0.20038
754 -0.09740 0.20415 0.71584
755 -0.13083 -0.20683 -0.25445
756 -0.19902 0.00089 -0.07246
757 0.13598 0.01468 -0.05580
758 -0.10011 -0.02088 0.09745
759 -0.02088 0.00896 -0.03818
760 0.61822 0.20002 0.51650
761 -0.40573 -0.03675 -0.34339
762 -0.27708 -0.07445 -0.57893
763 0.36140 -0.05597 0.24997
764 -0.22374 -0.40271 0.26398
765 0.02869 0.10045 0.04023
766 -0.38582 1.11151 -0.42974
767 0.21676 -0.59150 0.25696
768 -0.41396 -0.09022 0.25668
769 0.18567 0.59319 0.12284
770 0.52280 -0.78843 0.07354
771 -0.14464 -0.32870 -1.02474
772 0.03312 0.28019 0.24485
773 -0.06940 -0.04126 0.25370
774 0.02850 0.05042 0.00149
775 0.04072 -0.20941 0.22919
776 -0.16682 0.08673 -0.02243
777 0.45802 0.30772 0.19049
778 -0.04363 0.01145 0.01009
779 -0.07564 -0.10351 -0.64381
780 -0.09965 -0.04671 0.33460
781 -0.11869 0.10255 -0.05072
782 0.02087 -0.04378 0.04202
783 0.57518 0.59942 0.81747
784 -0.02472 -0.49253 -0.56429
785 -0.94849 -0.62399 -0.46833
786 0.04830 0.48812 0.39101
787 0.75163 0.01053 0.12006
788 -0.08361 0.01027 -0.20902
789 -0.86320 -0.33824 -0.21223
790 0.50373 0.19325 0.22457
791 0.69031 0.36405 -0.37530
792 -0.32872 -0.14428 0.09716
793 -0.20209 -0.72057 -0.04997
794 -0.05787 0.11116 -0.01802
795 0.07556 0.11757 -0.06246
796 0.51226 0.79052 0.30518
797 -0.24725 -0.25114 -0.04494
798 -0.17633 0.45955 0.44733
799 -0.24029 -0.23640 -0.11024
800 0.14349 -0.33385 -0.33359
801 -0.02687 0.03725 -0.02435
802 0.95792 0.87478 0.57358
803 -0.66697 -0.63626 -0.07294
804 -0.15338 0.00599 -0.20481
805 -0.14859 -0.18540 0.04952
806 0.12391 -0.27575 -0.37228
807 -0.95243 0.13964 0.72578
808 0.75305 -0.42126 -0.44393
809 0.16648 0.31739 -0.29895
810 0.58042 0.40697 -0.23041
811 -0.19171 0.14551 0.13058
812 -0.99778 0.32148 0.57787
813 -0.02988 -0.17201 -0.07099
814 0.48778 -0.36430 -0.93222
815 0.18786 -0.01933 0.19448
816 0.06570 -0.31881 0.39700
817 0.00172 0.02781 -0.20753
818 -0.35462 0.37416 0.70273
819 -0.00544 -0.22527 0.05158
820 -0.23731 0.10586 -0.53745
821 0.03800 -0.14806 0.00546
822 0.51638 0.03758 -0.06512
823 -0.01531 -0.01009 0.02300
824 0.16319 -0.36361 0.28603
825 -0.25937 0.22173 -0.13055
826 0.34233 -0.12052 -0.14597
827 -0.00552 -0.03976 0.11381
828 -0.55165 0.09406 -0.20233
829 0.22008 -0.00488 0.10354
830 -0.07409 0.47647 0.35907
831 0.07605 -0.42217 -0.19442
832 -0.03760 -0.36657 0.49386
833 0.11163 -0.02332 -0.30584
834 -0.00893 0.48502 -0.23702
835 0.20900 -0.16361 -0.00873
836 0.02271 0.87149 -0.64267
837 0.01764 -0.26642 0.35193
838 -0.41976 -0.25323 0.62633
839 0.48024 0.08894 0.41024
840 -0.39248 -0.12913 -0.41837
841 0.08892 0.11716 -0.84095
842 -0.12233 -0.00787 0.07898
843 -0.01465 -0.00794 1.07112
844 -0.01205 -0.25061 -0.43386
845 -0.32992 0.03806 -0.35485
846 0.00242 -0.01839 -0.08982
847 -0.01572 -0.60195 -0.39008
848 0.25141 0.30208 0.12209
849 -0.39179 0.52838 0.40308
850 -0.12773 -0.29994 0.00994
851 0.54353 -0.48440 -0.00637
852 0.05792 0.15218 -0.03751
853 -0.17612 0.28922 -0.65631
854 0.23571 0.03602 0.19245
855 -0.26410 -0.61770 0.07393
856 -0.11547 -0.30269 -1.11781
857 0.35687 0.69642 0.82964
858 0.34335 0.42097 0.47403
859 -0.07451 -0.09358 -0.06618
860 -0.44854 -0.22235 0.10339
861 0.13197 0.02582 -0.20211
862 -0.00811 -0.27477 -0.33710
863 0.08603 0.30198 0.01958
864 0.05492 0.18869 -0.27874
865 0.17569 -0.24574 0.17803
866 0.46220 -0.53569 0.77528
867 -0.50433 0.15276 -0.17559
868 0.07341 0.21960 -0.80571
869 -0.12509 -0.17128 -0.03178
870 0.41230 -0.05663 0.67195
871 -0.37993 0.18733 -0.13064
872 -0.39639 0.38838 0.45078
873 0.35607 -0.24714 -0.15453
874 0.02959 -0.11186 -0.48420
875 0.04727 0.05976 -0.04269
876 -0.50967 0.61695 0.20461
877 0.23366 -0.38547 0.08113
878 0.04078 -0.64016 0.20445
879 0.05457 -0.03194 0.04059
880 -0.53552 0.29568 -0.97623
881 0.73950 0.35423 0.62139
882 -0.33198 -0.41258 -0.48967
883 0.44656 0.50029 0.56101
884 -0.65619 -0.84070 -0.53707
885 0.28162 0.43530 0.01786
886 0.18312 0.61991 1.03303
887 0.01788 -0.47933 -0.40161
888 -0.13697 0.41256 0.20538
889 0.07181 -0.74130 -0.38265
890 0.92978 0.21778 -0.00507
891 -0.80256 -0.00521 0.16214
892 -0.50203 -0.64808 -0.10896
893 0.27482 0.62673 0.05833
894 0.66608 0.23175 -0.52424
895 -0.08314 0.12805 0.04250
896 -0.44977 -0.35832 0.66699
897 0.45468 0.08365 0.00263
898 0.80797 0.43249 -0.24288
899 -0.31981 -0.29992 0.16878
900 -0.34098 -0.05859 0.08442
901 0.08564 -0.02926 -0.00435
902 0.02424 -0.23893 -0.59473
903 0.06308 0.13393 0.44006
904 -0.73816 0.80037 0.22231
905 0.11377 -0.05695 -0.02283
906 0.78847 -0.23516 -0.25131
907 -0.16834 -0.18436 0.19665
908 -0.66010 -1.25750 -0.44770
909 -0.06352 0.77626 0.13059
910 0.99428 0.78792 0.76080
911 -0.13787 -0.10424 -0.69030
912 -0.47777 -0.91347 0.80705
913 0.94680 -0.25657 1.30768
914 -0.28616 0.83357 -1.54511
915 -0.65946 -0.08430 -0.94213
916 0.01841 0.13324 0.34031
917 0.33679 -0.08734 0.86211
918 -0.20831 0.14960 -0.06365
919 0.21501 0.11414 -0.51074
920 -0.31017 0.23720 0.31522
921 0.04887 -0.27018 -0.17105
922 0.21662 -0.18919 -0.40703
923 0.24870 -0.37375 -0.01161
924 -0.08912 0.69160 0.49038
925 -0.51489 -0.17479 -0.13471
926 0.03373 0.02818 -0.21277
927 0.48476 0.15127 0.90128
928 -0.34647 -0.14120 -0.33949
929 0.52764 -0.59702 -0.19450
930 -0.74420 1.08512 -0.45186
931 0.02553 -0.22129 0.06061
932 0.22012 -0.35615 0.19953
933 -0.09247 -0.09146 -0.04199
934 0.36468 0.26239 -0.28984
935 -0.27235 -0.06683 0.06193
936 0.11946 0.23984 0.28512
937 -0.09174 -0.33147 -0.18734
938 -0.05034 -0.04127 -0.69698
939 0.03461 0.19949 0.47518
940 0.63972 -0.92508 0.41890
941 -0.06473 0.05664 0.08782
942 -0.39853 0.35879 0.42152
943 -0.99247 0.98947 -0.70557
944 0.15113 -0.19782 0.08944
945 0.33183 0.66640 1.47867
946 0.17106 -0.99955 -0.86804
947 -0.00720 0.29031 -0.17528
948 -0.10796 -0.04858 0.00292
949 -0.07004 0.46245 0.42915
950 0.07405 -0.03591 -0.19066
951 -0.18740 -0.86267 -0.26263
952 -0.01768 0.09451 0.28749
953 -0.03011 0.37544 -0.55394
954 0.00263 0.03997 0.03596
955 -0.04407 -0.10768 -0.08635
956 0.39670 -0.42193 0.18828
957 -0.12301 0.08964 -0.01464
958 -0.25506 0.38464 0.58942
959 0.24584 -0.10700 -0.30414
960 0.25675 0.21921 0.40289
961 -0.14493 -0.41595 -0.42903
962 -0.47694 -0.04228 -0.03184
963 0.18327 0.06421 -0.04103
964 0.48411 0.17522 -0.29133
965 -0.18965 -0.05920 0.11061
966 -0.09943 -0.13051 0.14145
967 0.02443 0.01356 0.03611
968 -0.82529 -0.07089 0.06285
969 0.49395 -0.01238 -0.00494
970 1.09567 -0.10010 -0.30617
971 -0.45381 0.03789 0.09198
972 -0.35871 0.55333 -0.05980
973 0.11448 -0.09963 0.03006
974 -1.16463 -0.29341 0.38551
975 0.45950 0.21016 -0.11238
976 1.46956 -0.07437 -0.59501
977 -0.73508 -0.59119 0.22532
978 -0.15871 0.67553 0.20771
979 0.04367 -0.02597 -0.06636
980 -1.11905 -1.41420 -0.73679
981 0.90394 0.88245 0.61614
982 1.14241 -0.07053 0.74287
983 -0.07452 0.07950 -0.08738
984 -0.77913 0.65326 -0.52771
985 -0.66626 -0.32053 0.03865
986 0.59468 0.12223 0.01790
987 -0.00467 -0.01723 0.06658
988 -0.22038 -0.17805 0.02226
989 0.07670 0.00301 -0.22834
990 0.31550 0.06616 0.81107
991 0.02765 -0.04965 -0.70449
992 -0.29547 -0.21469 -0.10323
993 0.09793 0.01602 0.00827
994 0.11649 0.24212 -0.46564
995 0.47317 0.43736 -0.46024
996 -0.22428 -0.01782 0.41056
997 -0.28248 0.17950 0.31577
998 0.00035 -0.00322 0.05693
999 0.30826 -0.59486 -0.35241
1000 -0.02242 0.01528 -0.00334
1001 -0.40791 0.62083 0.47891
1002 0.16649 0.00833 -0.24271
1003 1.34789 -1.20630 0.86441
1004 -0.72045 0.66245 -0.27635
1005 -0.14146 0.49867 -0.59771
1006 0.10003 -0.06513 -0.06877
1007 -0.22214 -0.34655 -0.15115
1008 0.00868 0.02616 0.07193
1009 -0.74724 0.20886 -1.02362
1010 0.57702 0.18858 0.49770
1011 -0.08628 -0.48206 0.47193
1012 0.10667 -0.03609 0.03092
1013 0.22311 0.35104 -0.06309
1014 -0.05648 -0.20027 0.09790
1015 -0.71562 -0.23665 0.50160
1016 0.27210 0.22923 -0.18273
1017 0.33224 -0.43299 0.01083
1018 0.01410 0.21217 -0.35468
1019 -0.38327 0.21323 0.25313
1020 0.32579 -0.41520 -0.00274
1021 0.29274 0.18180 -0.52491
1022 -0.11601 0.26312 -0.03992
1023 -0.85380 0.27931 0.65833
1024 0.51741 -0.36918 -0.23957
1025 0.13881 0.04457 0.05507
1026 -0.02967 0.00265 -0.01262
1027 0.07534 0.02414 -0.01102
1028 -0.05370 0.12470 -0.09821
1029 -0.06737 -0.06935 0.49996
1030 -0.13424 -0.31228 -0.37555
1031 -0.15482 0.08043 0.11141
1032 0.02787 -0.05007 0.00754
1033 0.40304 0.16394 0.07495
1034 -0.12831 -0.01041 0.11044
1035 0.30318 -0.43309 -0.41277
1036 -0.27054 0.14477 0.11120
1037 0.12537 0.74673 0.01618
1038 -0.07496 -0.20378 0.17697
1039 -0.71408 -0.68280 0.02957
1040 0.38095 0.13545 -0.08729
1041 -0.78432 0.11821 0.25471
1042 1.00520 0.17435 -0.18889
1043 0.17891 -0.58464 -0.22737
1044 -0.28836 0.36091 -0.17913
1045 0.20321 0.61140 0.70644
1046 -0.02577 -0.19692 -0.00675
1047 0.35605 0.40294 -0.91007
1048 -0.36464 -0.72261 0.43901
1049 -0.84816 -0.47723 0.17975
1050 0.29389 0.29659 0.11016
1051 0.89167 0.25717 -0.36106
1052 -0.28760 0.20360 -0.06743
1053 -0.24004 -0.47523 0.37879
1054 -0.01509 0.07592 -0.04201
1055 0.18064 -0.44845 -0.74493
1056 -0.01125 -0.04597 -0.05477
1057 0.01297 0.08309 0.04469
1058 -0.26785 0.41342 0.91793
1059 -0.10212 -0.04827 -0.03568
1060 0.26889 0.10778 -0.03577
1061 0.06742 0.04676 0.08243
1062 -0.06459 -0.08739 -0.31338
1063 -0.04559 0.02989 0.02769
1064 0.26760 0.12976 -0.46977
1065 0.50251 0.51280 0.21714
1066 -0.16953 -0.40257 0.07157
1067 -0.23909 0.64862 -0.85271
1068 -0.13335 -0.54777 0.12768
1069 -0.33747 -0.36138 1.03234
1070 0.08581 0.04259 0.03348
1071 0.84203 0.02868 -0.88824
1072 -0.29894 0.11378 0.26767
1073 0.08057 0.33823 -0.24448
1074 -0.21895 -0.40934 0.08875
1075 -0.10283 -0.18097 0.24142
1076 0.91149 0.45846 -0.32890
1077 -0.65264 0.07523 0.40881
1078 -0.17982 -0.76551 -1.27858
1079 -0.38643 0.07595 0.73309
1080 0.51598 0.67893 0.58016
1081 -0.17770 0.11381 0.04748
1082 -0.01999 -0.81863 0.03247
1083 -0.02155 0.59659 -0.04640
1084 0.03360 -0.47906 0.14496
1085 0.00416 0.03206 -0.14805
1086 0.07019 0.29018 -0.26450
1087 -0.09488 0.09265 -0.05500
1088 -0.53172 0.15113 0.63773
1089 0.39447 -0.35224 1.13217
1090 -0.01317 0.05524 -0.96709
1091 0.02391 0.17349 -0.50016
1092 0.24363 -0.67224 0.08443
1093 -0.25978 0.32412 -0.06483
1094 0.11560 0.55446 0.12899
1095 0.22279 -0.09816 -0.31157
1096 0.06075 -0.49497 0.02263
1097 -0.01228 0.40056 0.22948
1098 -0.99778 0.50161 -0.44119
1099 0.52006 -0.23125 0.04151
1100 -0.15546 0.20773 0.92134
1101 0.31418 -0.19373 -0.13184
1102 0.21703 -0.44010 -0.10491
1103 -0.10561 0.10864 -0.14292
1104 -0.21714 0.04044 0.00730
1105 0.30138 0.21427 -0.46788
1106 -0.30111 0.08623 0.29296
1107 0.43784 -0.19608 -0.14783
1108 -0.44791 0.19410 0.19710
1109 -0.09506 0.02473 -0.14203
1110 -0.24137 -0.12879 -0.03752
1111 0.41188 0.08449 0.68195
1112 -0.06554 -0.17678 -0.38173
1113 0.13732 0.23067 0.47535
1114 -0.04283 -0.23667 -0.44074
1115 -0.59744 0.32855 -0.02374
1116 0.47949 -0.32336 -0.27710
1117 -0.30697 0.06340 0.54322
1118 0.16767 0.05781 -0.12798
1119 0.12682 -0.42464 0.10574
1120 -0.01608 0.12870 -0.07504
1121 -0.20151 0.46531 -0.29506
1122 0.08207 -0.38948 0.18121
1123 0.08278 0.07106 0.06450
1124 -0.07753 -0.19310 0.05899
1125 0.14573 -0.90494 0.07113
1126 0.17821 0.15001 -0.10967
1127 0.00680 1.02328 0.15443
1128 -0.18299 -0.27218 -0.21243
1129 0.16329 -0.25828 -0.24657
1130 0.11674 0.02248 0.07437
1131 -0.81979 0.59699 0.19120
1132 0.60192 -0.36522 0.04436
1133 -0.32467 -0.80215 -0.03766
1134 -0.04587 -0.09798 -0.08009
1135 0.08054 0.96317 0.24505
1136 -0.01282 -0.28751 -0.06210
1137 0.17285 0.37779 -0.14033
1138 0.10119 -0.14831 -0.06156
1139 -0.23836 -0.17289 0.07154
1140 0.68712 0.00328 0.57691
1141 -0.46830 -0.03653 -0.22951
1142 0.17735 -0.23875 -0.10290
1143 -0.22845 0.12462 -0.10119
1144 -0.20129 1.10570 -0.21107
1145 -0.18505 -0.30376 -0.00413
1146 0.49777 -1.18680 -0.09716
1147 -0.06309 0.29554 0.16152
1148 0.19554 0.32497 0.53729
1149 -0.01487 -0.19028 -0.40598
1150 -1.04825 0.38395 -0.74280
1151 0.62869 0.08723 0.10509
1152 0.57615 0.08334 1.42349
1153 -0.36758 -0.40801 -1.04840
1154 0.24402 -0.06403 0.27826
1155 -0.48688 0.64257 -0.16470
1156 -0.13708 -0.20116 -0.02684
1157 0.15240 -0.21693 -0.00461
1158 0.25750 -0.09039 -0.17998
1159 0.33578 -0.02142 0.33631
1160 -0.06279 -0.07524 -0.21745
1161 -0.02807 0.02147 -0.28803
1162 0.50013 -0.80501 0.92878
1163 -0.35516 0.82302 -0.62814
1164 0.09569 -0.32789 0.24432
1165 -0.13155 0.47322 -0.34514
1166 0.11898 -0.62227 -0.48699
1167 0.07484 -0.01249 0.04246
1168 -0.54913 0.87387 0.74895
1169 -0.09798 -0.45955 0.08411
1170 0.16358 1.07963 -0.74268
1171 0.26833 -0.36570 0.00508
1172 -0.38045 -0.72803 0.23822
1173 -0.02646 -0.18294 0.65356
1174 0.06010 0.03857 0.04371
1175 0.03201 0.15520 -0.71739
1176 0.21933 -0.01198 0.07327
1177 -0.14183 0.19141 0.01405
1178 0.22685 -0.23728 -0.11424
1179 -0.00062 0.24372 0.16362
1180 0.11905 0.23266 -0.34932
1181 -0.00617 0.14091 0.14887
1182 -0.25463 -0.62245 -0.00211
1183 0.04291 0.65000 0.02068
1184 0.65532 -0.56838 0.15175
1185 -0.77987 0.45859 0.23672
1186 0.32743 0.09254 -0.28131
1187 -0.09282 -0.09803 0.16627
1188 -0.18556 0.54445 0.16683
1189 -0.00703 0.13003 0.06031
1190 -0.78632 -0.74175 -0.16133
1191 0.46100 0.03486 -0.10690
1192 0.32848 0.58522 -0.46202
1193 0.05541 0.00480 0.05416
1194 -0.45067 0.18461 -0.30327
1195 -0.28093 -0.12741 0.11278
1196 -0.26351 -0.26612 -0.24739
1197 -0.08713 -1.19396 0.35741
1198 0.43565 0.30165 0.08829
1199 -0.01915 0.94650 0.50065
1200 0.13694 -0.00812 -0.53559
1201 0.15500 -0.78147 -0.45076
1202 -0.36766 0.05570 0.15900
1203 0.78897 -0.00804 0.23769
1204 -0.59308 0.06319 -0.15300
1205 0.01993 0.50482 0.07051
1206 -0.25167 -0.54127 0.34251
1207 -0.56258 0.10328 0.10689
1208 0.14898 -0.08570 0.02864
1209 0.13681 -0.50515 0.18360
1210 -0.09147 0.03024 0.12064
1211 0.11891 0.45887 -0.34071
1212 0.17585 -0.08035 0.60696
1213 -0.09600 0.22136 -0.09978
1214 0.18502 -0.77489 -0.54139
1215 -0.35338 0.45720 0.04517
1216 -0.22663 0.19781 0.39385
1217 0.09168 -0.13036 -0.22871
1218 -0.01108 -0.49532 0.58805
1219 0.00256 0.68354 -0.52584
1220 -0.50940 -0.41209 0.27601
1221 0.04810 0.31473 -0.22035
1222 0.51583 0.07482 0.17687
1223 0.13710 -0.23925 -0.13915
1224 -0.27321 0.55039 0.05332
1225 0.40687 -0.04260 -0.32732
1226 -0.70852 -0.32835 0.55962
1227 0.28729 0.14076 -0.00812
1228 0.80781 -0.17795 -0.47465
1229 0.00866 -0.08798 -0.03273
1230 0.05215 0.17280 0.07425
1231 -0.07173 0.37888 -0.04243
1232 -0.28491 -0.06071 0.25952
1233 0.23979 0.24188 -0.38202
1234 -0.18275 0.08545 0.12279
1235 -0.57481 -0.80773 -0.26299
1236 0.06908 -0.00244 0.11627
1237 0.66243 1.05783 0.55260
1238 -0.05773 -0.28311 -0.12969
1239 0.04403 -0.47441 -0.45448
1240 -0.38552 -0.00179 0.31489
1241 0.44456 -0.03159 0.19652
1242 0.31975 -0.35051 -0.28271
1243 -0.68637 0.01014 0.04697
1244 0.30189 -0.09454 -0.16562
1245 -0.32730 0.49115 0.57260
1246 0.51670 -0.41320 -0.49018
1247 0.01524 0.48559 -0.19199
1248 0.17694 1.03332 0.16220
1249 -1.31383 -0.47398 -0.97280
1250 1.08833 -0.53461 0.77136
1251 -0.85846 -0.28526 0.42829
1252 0.51187 0.17686 -0.10873
1253 -0.17033 -0.37117 -0.44394
1254 0.29809 -0.02885 -0.01875
1255 0.02653 0.31252 0.26210
1256 -0.02120 0.04231 -0.12459
1257 0.36746 -0.41526 -0.24532
1258 -0.31992 0.00223 0.16711
1259 -0.16789 -0.16664 0.11942
1260 0.27687 -0.04321 -0.08765
1261 0.00896 0.37601 -0.33823
1262 -0.00461 0.05161 -0.00416
1263 0.22914 -0.11023 -0.06325
1264 -0.18800 -0.03639 -0.10103
1265 0.53594 0.38630 0.19013
1266 -0.49351 -0.20308 -0.03251
1267 0.35841 0.15464 -0.23234
1268 -0.13072 -0.13801 0.42354
1269 -1.33101 0.50356 -0.27396
1270 0.68944 -0.44334 0.26828
1271 1.12814 0.50730 0.47174
1272 0.09126 -0.09549 -0.05018
1273 -0.60169 -0.80072 -0.54086
1274 -0.29744 0.05075 0.14074
1275 0.05927 0.18727 0.04561
1276 1.38178 0.55269 0.71984
1277 -0.51633 -0.56259 -0.47980
1278 -1.08510 0.83282 0.27368
1279 0.02231 -0.07913 -0.02089
1280 0.37224 -0.76740 -0.30158
1281 0.04751 0.06195 -0.11924
1282 0.05010 0.09139 -0.05700
1283 -0.09611 -0.14502 0.10435
1284 -0.16682 0.37948 -0.64556
1285 -0.19655 -0.14414 0.16137
1286 0.43487 -0.72829 0.27076
1287 0.02905 -0.01568 0.02262
1288 -0.10891 0.92018 0.61108
1289 0.03203 -0.22318 -0.22494
1290 -0.02489 -0.49667 0.37482
1291 0.05938 0.13897 -0.49615
1292 -0.10223 0.00693 0.29643
1293 0.80253 0.46778 -0.52069
1294 -0.11608 -0.13521 0.17093
1295 -0.38114 -0.34416 0.26165
1296 -0.41421 0.83193 -0.65543
1297 0.08732 -0.59126 0.51400
1298 -0.02502 -0.21255 -0.27376
1299 0.12501 0.10954 0.06963
1300 0.11876 -0.21538 0.09180
1301 -0.15521 0.03680 0.19755
1302 0.03433 -0.01796 -0.02307
1303 0.02853 0.01130 0.11836
1304 -0.09277 0.07952 -0.05559
1305 0.16058 -0.11010 -0.08660
1306 -0.23243 0.06941 0.04710
1307 0.15076 0.07992 -0.18468
1308 0.24172 -0.03671 0.06231
1309 -0.19777 -0.18120 0.31578
1310 -0.03454 0.19225 -0.18588
1311 -0.72880 0.33359 -0.23412
1312 0.48297 -0.15443 0.07536
1313 0.77856 -0.31939 0.26642
1314 -0.78760 -0.08250 0.09413
1315 0.17118 0.14381 0.00926
1316 -0.01562 -0.07837 -0.34809
1317 0.29878 0.70495 0.32758
1318 0.22965 -0.12909 -0.11644
1319 -0.16713 -0.51903 -0.15569
1320 -0.51985 0.14938 0.05393
1321 0.02723 -0.40592 -0.28324
1322 0.08344 0.17641 0.25384
1323 -0.21221 0.11243 0.08085
1324 0.12453 0.06127 -0.16880
1325 -0.31986 -0.07610 0.37137
1326 0.39348 -0.02565 -0.31471
1327 0.25580 0.39227 0.26679
1328 -0.30040 -0.19018 -0.24932
1329 0.24617 -0.46437 -0.08023
1330 -0.39375 0.15826 0.20483
1331 1.01058 -0.57214 -0.77623
1332 -0.80480 0.63326 0.60098
1333 0.15278 0.01224 0.33282
1334 -0.22509 0.01421 -0.21971
1335 0.70037 -0.89756 -0.50476
1336 -0.17988 0.20331 0.35837
1337 -0.44841 0.52522 0.31684
1338 0.40452 0.19735 -0.35451
1339 -0.16985 0.01876 0.02635
1340 -0.50841 -0.23647 0.28877
1341 0.02554 0.00264 -0.12970
1342 0.71761 0.25098 -0.48063
1343 0.14065 0.15676 0.33476
1344 -0.66981 -0.33128 -0.03310
1345 -0.17328 0.20027 -0.13050
1346 0.38027 -0.02436 -0.10189
1347 -0.23006 0.02153 0.23857
1348 0.15621 -0.27652 0.07113
1349 0.00366 0.09381 -0.00776
1350 0.04206 -0.98981 0.88707
1351 -0.29993 0.32419 -0.70146
1352 0.19701 0.80401 -0.04036
1353 0.05241 0.18683 -0.44409
1354 -0.50497 0.62600 -0.32081
1355 0.27014 -0.20740 0.04860
1356 0.49478 -0.39209 0.13675
1357 -0.37753 -0.20184 -0.09626
1358 -0.11870 0.06577 -0.14685
1359 0.45945 -0.35376 0.78388
1360 -0.19499 0.46688 -0.48734
1361 -0.16796 -0.20520 -0.13530
1362 0.23753 0.23523 -0.29416
1363 0.00389 -0.12464 0.33077
1364 0.94324 -0.66595 0.71023
1365 -0.52104 0.36892 0.08052
1366 -0.15250 0.30957 -0.67025
1367 -0.36099 -0.20968 0.00639
1368 -0.06012 -0.01977 -0.36040
1369 -0.20927 -0.11965 0.06144
1370 0.49428 0.55466 0.89070
1371 -0.30369 -0.15131 -0.07286
1372 -0.99752 -1.11548 -0.38071
1373 0.89940 0.31667 -0.23513
1374 0.19175 0.48792 -0.09870
1375 -0.01130 0.02924 0.07427
1376 -0.69226 -0.39966 0.63919
1377 0.13429 0.11773 -0.18650
1378 1.14729 0.04405 -0.29811
1379 -0.01687 -0.10272 0.13031
1380 -0.89175 0.66981 0.01819
1381 1.21950 -0.60212 0.62312
1382 -0.61838 0.26511 -0.24501
1383 -0.53017 -0.04322 -0.57515
1384 0.19569 -0.17024 0.10193
1385 -0.28826 -0.17095 0.40284
1386 0.22553 0.29803 -0.14528
1387 0.12967 -0.24683 -0.39505
1388 -0.06595 0.15907 0.11262
1389 0.00605 -0.22758 0.74173
1390 -0.18140 0.16633 -0.10300
1391 -0.04781 0.15503 -0.52237
1392 0.49820 0.01896 -0.20745
1393 -0.17013 -0.11607 0.13633
1394 0.12243 0.07805 0.09012
1395 0.01249 -0.12136 -0.02241
1396 0.06162 0.02199 0.00562
1397 -0.28652 0.06860 -0.00823
1398 0.17684 0.00178 0.11610
1399 0.33194 -1.13200 0.03342
1400 -0.42733 0.74000 0.17541
1401 0.98767 -0.14319 -0.73191
1402 -0.30798 0.43913 0.10983
1403 -0.75926 0.10799 0.49556
1404 0.14443 -0.01158 0.07918
1405 0.72329 -1.04445 -0.74767
1406 -0.41923 0.64310 0.12454
1407 -0.49901 1.01870 0.16584
1408 0.15714 -0.41755 -0.08626
1409 -0.57502 -1.00618 -0.29177
1410 0.29519 0.54521 0.49006
1411 0.83556 0.02160 0.04982
1412 -0.42442 0.22240 -0.01013
1413 -0.16840 -0.74718 0.12761
1414 -0.43443 0.25802 0.00881
1415 0.43977 0.75759 -0.61681
1416 0.07334 -0.01280 -0.03685
1417 -0.04992 -0.34576 -0.02351
1418 0.26749 -0.00626 0.11243
1419 -0.33030 0.18861 0.49920
1420 0.10430 -0.09361 -0.06809
1421 0.00235 0.30648 -0.10096
1422 -0.20006 -0.41625 -0.22354
1423 0.01871 0.37207 -0.54047
1424 0.16290 -0.10786 0.61447
1425 -0.39933 -0.26802 -0.00369
1426 0.21010 0.10812 0.05994
1427 0.57177 0.95127 -0.21897
1428 -0.20894 -0.11956 0.07903
1429 -0.42575 -0.86379 0.07752
1430 0.38667 0.30284 -0.63048
1431 -0.41738 0.04297 0.47356
1432 0.03752 -0.04398 0.18091
1433 0.70730 0.03373 -0.01529
1434 -0.48826 -0.08452 -0.10794
1435 -0.86474 0.11070 -0.29406
1436 0.71367 -0.02103 0.39760
1437 -0.00098 -0.06319 -0.10127
1438 0.02585 -0.05471 0.03500
1439 0.30485 -0.11428 0.31538
1440 -0.25306 -0.06981 -0.10461
1441 0.32013 0.14046 0.26320
1442 -0.16447 -0.26721 -0.15235
1443 0.20739 0.15412 0.36515
1444 0.08998 0.36191 0.86245
1445 -0.26073 -0.66737 0.51850
1446 0.24259 0.29145 -1.27649
1447 -0.08933 0.12522 -0.84469
1448 0.30838 0.01614 0.29338
1449 -0.53330 -0.19067 1.02967
1450 0.16454 0.01263 0.00909
1451 -0.09734 0.50479 -1.13260
1452 -0.11551 -0.18007 -0.07290
1453 0.46002 -0.26156 0.64650
1454 -0.16550 0.07020 -0.51012
1455 -0.00364 -0.33419 0.20923
1456 -0.03457 -0.03402 -0.15406
1457 -0.54168 0.41574 0.05856
1458 -0.08632 -0.01200 0.05741
1459 1.31607 -0.09144 -0.72011
1460 -0.38750 -0.05300 0.71757
1461 -1.06231 0.19633 -0.15837
1462 0.24110 0.03528 0.14660
1463 0.70799 -0.11237 0.22440
1464 -0.14285 0.01791 -0.09993
1465 -0.56668 -0.30469 0.08829
1466 0.35554 0.35900 -0.11291
1467 0.26711 -0.18146 -0.39295
1468 0.04918 0.04418 0.01992
1469 0.35848 -0.54916 0.22235
1470 -0.23969 -0.03993 0.21516
1471 -0.25126 0.77185 0.00451
1472 0.00883 -0.01370 -0.17614
1473 0.03348 0.29207 -0.53667
1474 -0.09152 -0.33217 -0.05944
1475 -0.54166 -0.22852 0.24815
1476 0.15631 0.06704 0.37205
1477 0.32655 -0.14438 -0.16279
1478 -0.08073 0.02806 -0.09012
1479 0.02175 0.25287 0.04029
1480 -0.07764 0.09316 0.00122
1481 -0.16379 0.48778 0.30985
1482 0.25348 -0.08734 0.08757
1483 0.52455 -0.07288 -1.54518
1484 0.19344 -0.24068 0.80665
1485 -0.20916 -0.33697 0.07882
1486 0.17431 0.11932 0.35028
1487 -0.50028 -0.05725 -0.35456
1488 -0.02954 0.11445 0.04664
1489 0.94473 -0.29975 -0.14180
1490 -0.46512 0.16925 0.34790
1491 0.17462 0.03074 -0.05601
1492 -0.11549 0.03718 0.22573
1493 -0.07377 -0.05156 0.14490
1494 -0.21169 0.98913 -0.65025
1495 0.00257 -0.71424 0.07550
1496 0.26999 0.13767 0.87337
1497 -0.07762 -0.23886 -0.45836
1498 -0.40879 -0.01189 -0.03951
1499 0.49298 -0.19705 -1.28409
1500 0.16979 0.19754 0.71456
1501 -0.22743 0.04404 0.73430
1502 0.02836 0.01666 -0.08931
1503 -0.40414 0.05485 -0.25376
1504 -0.11373 0.00818 -0.02003
1505 0.44660 -0.07428 -0.05932
1506 -0.21457 -0.00584 0.04925
1507 0.54380 -0.43369 0.09356
1508 -0.45353 0.08999 0.20991
1509 0.24941 0.42331 -0.26386
1510 -0.05602 0.08562 0.00030
1511 -1.01105 -0.30168 0.45731
1512 0.46884 0.07834 -0.12826
1513 0.01760 0.48888 -0.02214
1514 -0.26600 -0.22079 0.05539
1515 0.25228 -0.32321 0.21749
1516 -0.02442 0.00351 0.18672
1517 0.12516 -0.01780 0.11676
1518 -0.78401 -0.19256 -0.45307
1519 0.37983 0.27251 0.20359
1520 1.52674 0.62122 0.63413
1521 -0.60858 -0.23772 0.05686
1522 -0.26765 -0.34009 -0.37962
1523 -0.03527 -0.22253 -0.36876
1524 0.15620 -0.08220 0.04321
1525 0.26578 -0.40238 -0.18009
1526 -0.68642 0.74122 0.25161
1527 1.16086 0.63004 -0.25467
1528 0.40997 -0.13608 -0.07450
1529 -1.16562 -0.17813 0.20657
1530 0.00191 -0.13446 0.37802
1531 -0.09033 -0.33868 -0.18309
1532 0.37915 1.10509 0.06453
1533 -0.35026 -0.71963 -0.19706
1534 0.19414 -0.24160 -0.07531
1535 -0.18105 0.17693 0.10628
1536 -0.43617 0.03639 0.21030
1537 0.28329 0.10928 0.00686
1538 0.29553 0.28641 -0.66991
1539 -0.08175 -0.08265 0.05946
1540 -0.53030 -0.01442 0.30083
1541 0.11573 -0.09028 -0.10415
1542 0.60971 -0.60178 0.37531
1543 -0.26277 0.02428 -0.08510
1544 0.36337 0.82726 -0.18161
1545 -0.58382 -0.25991 -0.08427
1546 0.06634 0.25054 0.39726
1547 0.01539 -0.27028 -0.20885
1548 0.68152 -0.00021 0.19016
1549 -0.33419 -0.13157 -0.03362
1550 -1.04357 -0.29604 -0.21990
1551 0.64073 0.32329 -0.27793
1552 0.16236 0.16301 0.39989
1553 -0.08654 -0.06773 -0.03745
1554 0.81931 -0.01508 -0.45012
1555 -0.59425 0.05745 0.16794
1556 -0.02483 0.18060 0.09940
1557 -0.40346 -0.01198 0.06427
1558 0.24139 -0.47707 0.21966
1559 0.06965 0.13779 0.04657
1560 -0.62486 -0.14223 -0.42065
1561 0.19901 0.06348 -0.01419
1562 0.37464 0.00130 0.07651
1563 -0.01886 -0.01822 -0.06379
1564 0.07522 -0.46524 0.40812
1565 0.06194 0.30447 -0.00413
1566 -0.68752 0.71558 -0.40506
1567 0.43946 -0.14944 -0.08261
1568 -0.05978 -0.28256 0.34180
1569 0.06231 -0.00917 -0.08331
1570 0.11228 0.00753 0.17534
1571 -0.00113 -0.03953 0.02642
1572 -0.37110 0.14972 -0.03545
1573 -0.02575 0.02179 0.09928
1574 0.24660 -0.40373 -0.49365
1575 -0.07100 0.08192 0.12302
1576 0.20127 0.30477 0.11851
1577 -0.20249 -0.16707 0.42020
1578 -0.06768 -0.40305 -0.03236
1579 0.03699 0.16310 -0.01857
1580 -0.01091 -0.23351 0.28461
1581 -0.04108 0.11602 0.06588
1582 0.38370 0.12907 -0.53870
1583 -0.22999 0.13095 0.19031
1584 -0.65702 -0.56669 1.08750
1585 0.46936 0.39424 -0.62584
1586 0.58487 0.23066 -0.57736
1587 -0.48912 -0.12429 0.38999
1588 0.16815 0.66071 -0.46626
1589 0.01787 -0.46798 0.34861
1590 -1.43868 0.54846 1.26039
1591 0.95298 -0.28960 -0.83298
1592 0.66699 -0.55108 -0.71893
1593 -0.39989 -0.14248 0.07814
1594 -0.53280 0.44107 0.36041
1595 0.15235 0.05078 -0.13580
1596 -0.02686 -1.07932 -0.16392
1597 0.01864 0.59788 0.21923
1598 0.01055 0.56066 -0.20862
1599 -0.04537 -0.04638 0.06618
1600 0.39714 -0.53180 0.13371
1601 -1.05082 -0.67898 0.48387
1602 0.05652 0.30920 -0.00344
1603 1.12373 0.76216 -0.69156
1604 -0.03828 -0.48692 0.06154
1605 -0.34174 0.19954 0.28502
1606 -0.06193 -0.01376 -0.04015
1607 -0.27267 1.07792 0.39821
1608 -0.15152 -0.51523 -0.43899
1609 0.29837 -0.90284 -0.25258
1610 0.08303 0.26918 0.23750
1611 -0.36356 -0.35315 0.14517
1612 0.05165 0.23769 -0.11121
1613 -0.26193 0.63657 0.34410
1614 0.37551 -0.39565 -0.31733
1615 0.90267 -0.33074 -0.79858
1616 -0.19489 0.47910 0.48446
1617 -0.72828 -0.11796 0.18347
1618 0.01096 -0.06371 0.03685
1619 -0.25631 -0.23860 0.70163
1620 0.31650 0.05260 -0.25555
1621 -0.26789 0.23197 -0.14215
1622 0.42228 -0.06559 -0.10511
1623 -0.16953 0.16898 -0.48366
1624 -0.38386 -0.03189 0.09176
1625 0.11720 -0.02173 0.00121
1626 0.54906 -0.31515 0.64422
1627 -0.27375 -0.00026 -0.00115
1628 0.00701 0.07695 -0.51173
1629 -0.18651 -0.23240 -0.23894
1630 0.62908 0.07723 0.34859
1631 -0.28117 0.33494 0.74733
1632 0.18132 -0.02843 -0.08347
1633 -0.68413 -0.28217 -0.83131
1634 0.47659 -0.05675 -0.05861
1635 0.32563 0.26746 -0.04710
1636 0.02089 0.03800 0.02280
1637 -1.10204 0.25128 0.71428
1638 0.46505 0.03818 -0.42807
1639 1.48499 -0.39010 -0.71980
1640 -0.72101 0.11314 0.42503
1641 0.05324 -0.76657 0.28468
1642 -0.04447 0.49186 0.13801
1643 -0.55081 0.34968 0.73873
1644 0.08044 -0.10439 -0.17413
1645 -0.25399 -0.36293 -1.17311
1646 0.23392 0.03134 -0.04107
1647 0.43947 -0.17922 0.60235
1648 -0.24698 0.30171 -0.09946
1649 0.15586 -0.07441 0.38430
1650 0.03962 -0.05270 -0.24329
1651 -0.16553 0.06017 0.02270
1652 0.24372 0.04405 -0.03499
1653 -0.53771 -0.03177 -0.04023
1654 0.27443 0.04068 -0.02093
1655 0.08021 0.21775 -0.10487
1656 0.19723 -0.02271 0.04649
1657 0.35930 0.04991 0.13165
1658 -0.26779 -0.16598 -0.12697
1659 -0.24196 -0.63141 -0.45363
1660 0.30625 0.40100 0.17763
1661 -0.73854 0.36716 0.75553
1662 0.48963 -0.34620 0.01797
1663 0.84258 1.18591 -0.23026
1664 -0.38724 -0.66656 0.07236
1665 -0.42423 -0.25818 -0.56132
1666 -0.01184 -0.09883 0.11507
1667 -0.18802 0.64589 0.78698
1668 -0.01304 0.10724 0.16192
1669 0.04048 -0.19188 -0.14525
1670 -0.04383 -0.63119 -0.64036
1671 0.03103 -0.00909 0.02046
1672 -0.15493 0.02176 0.12958
1673 0.21716 0.25839 0.00006
1674 0.48545 -0.02506 -0.43804
1675 -0.42238 0.07223 -0.03498
1676 -0.13609 0.08871 0.23058
1677 0.06557 -0.16679 0.13736
1678 -0.24577 -0.96325 0.39349
1679 0.14839 0.70480 -0.23053
1680 0.09626 0.32681 -0.05374
1681 -0.04979 0.02300 -0.00230
1682 0.38194 -0.70172 -0.59068
1683 -0.28567 0.37510 0.01188
1684 -0.29708 0.38956 0.89706
1685 -0.04340 0.16699 -0.11862
1686 -0.07354 -0.77080 -0.78452
1687 0.20738 -0.13479 0.36191
1688 -0.70663 0.75027 0.02500
1689 0.46018 -0.42276 -0.01491
1690 0.36708 0.77641 -0.25942
1691 -0.04888 -0.48401 0.10430
1692 0.16989 -0.28453 0.39724
1693 -0.09276 0.02478 -0.25229
1694 -0.23963 -0.31264 0.16704
1695 0.14340 0.44321 -0.10928
1696 0.18482 -0.24106 -0.13822
1697 -0.32643 0.33362 0.12558
1698 0.17129 -0.16360 -0.02210
1699 -0.16755 0.23334 0.02923
1700 0.25245 -0.21708 -0.09653
1701 -0.01096 -0.18161 -0.19626
1702 -0.19313 0.14859 0.14729
1703 0.46999 -0.55295 0.12950
1704 -0.10637 0.65004 -0.14318
1705 -0.02112 0.06189 -0.02830
1706 -0.77711 -0.44418 0.07332
1707 0.60204 -0.08272 -0.02468
1708 -0.11696 0.58062 0.52981
1709 0.12135 0.16444 -0.18752
1710 0.07973 -0.08456 0.25465
1711 0.25567 -0.63172 -0.37233
1712 -0.34826 0.35216 -0.09039
1713 0.80997 -0.57945 -0.59116
1714 -0.32242 0.25682 -0.00361
1715 -0.71994 -0.01627 0.89073
1716 -0.31525 0.27630 0.18625
1717 1.10130 0.80164 -0.44140
1718 -0.41108 0.15241 0.30628
1719 -0.76106 -0.94290 0.14065
1720 0.17689 0.04676 -0.03514
1721 1.13242 0.10717 0.06930
1722 0.04048 0.41739 -0.18575
1723 0.02935 -0.25876 0.08200
1724 -1.36648 -0.07302 -0.14798
1725 0.19447 -0.01282 0.14593
1726 0.27057 0.18794 -0.21359
1727 -0.08996 0.03830 -0.09953
1728 0.27574 0.45159 -0.11448
1729 0.12988 0.03284 0.14295
1730 0.18861 0.05537 0.10696
1731 0.20548 -1.21029 0.09321
1732 -0.40306 0.31209 0.20220
1733 0.28692 0.17826 -0.22019
1734 -0.06471 -0.16689 -0.05073
1735 0.09149 0.33230 0.30699
1736 0.02420 -0.00346 -0.03123
1737 -1.37502 0.84807 -0.52156
1738 0.67523 -0.59117 -0.18121
1739 0.92841 -0.41011 0.54327
1740 -0.20982 0.17487 0.09914
1741 0.07785 0.02458 -0.30811
1742 -0.49764 -0.25217 -0.10021
1743 -0.06584 -0.84724 0.02977
1744 -0.03095 0.07221 0.07617
1745 0.59104 1.23604 -0.57100
1746 -0.00283 -0.10673 0.14296
1747 -0.86211 -0.39617 0.46756
1748 -0.01080 0.12619 -0.00096
1749 0.91565 -0.03187 -0.12488
1750 -0.24169 -0.05206 0.18676
1751 -0.53872 0.09303 -0.37341
1752 -0.08432 0.00604 0.23424
1753 0.49878 -0.45157 -0.04370
1754 -0.04114 0.10080 0.01177
1755 0.20224 0.46755 0.08104
1756 -0.01150 -0.03781 -0.00504
1757 -0.59574 0.09214 0.41939
1758 0.27501 -0.08052 -0.14774
1759 0.06054 -0.13796 0.04231
1760 0.01829 0.04046 -0.01567
1761 0.56329 -0.56963 -0.16179
1762 -0.18040 0.17874 0.16921
1763 -0.17338 0.15108 -0.95118
1764 -0.21806 0.28506 0.42893
1765 0.23876 0.04730 0.28057
1766 -0.01598 0.00439 -0.00686
1767 -0.52168 -0.56918 -0.31411
1768 0.06904 0.03154 -0.01319
1769 -0.02661 0.43287 0.85993
1770 0.08480 -0.16093 -0.30471
1771 0.40994 0.40484 -0.03218
1772 0.01657 -0.32935 -0.12281
1773 -0.25070 -0.12295 -0.02175
1774 -0.00899 -0.23671 -0.31580
1775 -0.05701 0.22630 0.29925
